460
0
1
2
6
7
10
11
16
18
19
20
22
24
26
29
30
32
37
38
40
43
47
49
51
52
57
62
75
77
81
88
92
104
105
107
112
115
117
118
119
124
131
134
135
136
140
141
143
150
152
157
170
172
173
174
178
182
183
186
196
198
200
207
208
209
215
216
218
219
220
225
231
234
237
241
250
252
253
254
255
259
263
265
266
268
270
275
277
278
281
283
288
290
292
293
295
298
299
304
309
312
313
314
315
316
318
320
322
324
329
332
333
338
339
341
342
348
353
355
356
360
366
367
373
374
376
378
383
384
385
390
391
392
399
400
405
413
419
424
427
431
434
437
438
441
443
446
451
454
455
462
472
474
478
479
483
484
485
487
489
490
493
495
498
502
510
511
513
516
525
526
530
534
535
537
538
541
542
543
550
551
560
565
573
576
579
581
586
589
590
594
603
605
606
607
609
616
618
619
628
632
633
638
647
649
653
657
658
660
661
662
665
666
679
684
688
691
692
701
703
705
706
709
714
717
721
722
727
730
733
736
739
741
745
752
754
763
768
774
775
780
781
785
791
795
798
802
804
806
807
808
816
826
831
836
837
839
841
842
843
844
845
847
848
854
855
859
860
869
872
876
881
883
887
888
889
891
893
896
900
906
909
911
915
918
922
929
933
937
938
939
940
941
944
949
950
951
957
958
961
968
971
975
984
996
999
1000
1002
1004
1005
1006
1007
1009
1022
1025
1027
1030
1032
1034
1036
1038
1049
1054
1055
1058
1059
1063
1064
1075
1079
1081
1082
1083
1085
1086
1087
1088
1093
1098
1100
1104
1105
1106
1112
1114
1115
1116
1122
1126
1131
1133
1134
1137
1141
1143
1144
1150
1153
1159
1164
1165
1166
1169
1170
1172
1173
1178
1179
1192
1203
1206
1219
1221
1222
1233
1236
1246
1266
1268
1270
1273
1274
1276
1278
1282
1283
1286
1292
1293
1302
1304
1309
1315
1316
1317
1318
1319
1331
1333
1341
1342
1347
1352
1360
1363
1365
1371
1374
1387
1399
1408
1409
1411
1414
1419
1422
1423
1424
1427
1433
1437
1438
1443
1444
1453
1455
1458
1460
1461
1464
1467
1468
1469
1470
1473
1475
1480
1486
1487
1490
1498
1499
1500
1502
1504
1506
1507
1510
1511
1512
1514
1516
1518
1521
1522
1523
1529
1533
1534
1539
