128
27
43
44
72
79
83
88
99
107
119
148
163
196
204
231
248
352
420
451
463
476
539
543
544
567
575
603
628
680
715
732
832
876
900
927
936
951
967
1003
1011
1015
1020
1039
1063
1075
1103
1111
1112
1127
1152
1195
1216
1239
1248
1259
1267
1291
1319
1331
1335
1355
1356
1368
1443
1467
1492
1496
1504
1596
1623
1655
1708
1736
1751
1772
1816
1916
1932
1939
1960
1972
2008
2139
2148
2360
2412
2420
2472
2479
2515
2635
2644
2651
2815
2823
3019
3231
3364
3443
3476
3624
3691
3903
4088
4100
4123
4300
4316
4324
4419
4464
4600
4636
4879
5064
5072
5171
5452
5484
5699
5840
5879
5920
5996
6067
6072
6091
6136
