128
27 0.116356 0.263063 -0.0852 0.058808 0.203513 -0.212424 -0.015769 0.271701 -0.126213
43 -0.06753 0.276785 0.093968 -0.111982 0.27753 -0.020904 -0.181447 0.224315 0.082217
44 -0.102241 0.039489 -0.279262 0.03613 -0.01921 -0.297196 -0.07845 -0.124242 -0.261552
72 0.03613 -0.01921 -0.297196 0.174414 -0.047166 -0.239489 0.074319 -0.134277 -0.257772
79 -0.07845 -0.124242 -0.261552 -0.092572 -0.237454 -0.15826 -0.200074 -0.162202 -0.153821
83 -0.084279 0.21043 0.196511 -0.200133 0.134109 0.178778 -0.08988 0.094752 0.270081
88 -0.072099 0.181279 -0.227903 0.012727 0.108926 -0.279237 -0.102241 0.039489 -0.279262
99 0.293433 0.052106 -0.034381 0.262885 -0.070455 -0.126204 0.239608 0.067338 -0.167492
107 0.033257 0.256813 0.151463 -0.06753 0.276785 0.093968 -0.084279 0.21043 0.196511
119 0.058808 0.203513 -0.212424 0.134932 0.086905 -0.253458 0.012727 0.108926 -0.279237
148 -0.275564 0.071966 -0.094263 -0.215931 -0.023411 -0.206943 -0.280627 -0.068514 -0.08096
163 -0.102241 0.039489 -0.279262 -0.07845 -0.124242 -0.261552 -0.215931 -0.023411 -0.206943
196 -0.111982 0.27753 -0.020904 -0.138293 0.227658 -0.138011 -0.22169 0.194422 -0.055262
204 0.037035 0.162963 0.249141 -0.084279 0.21043 0.196511 -0.08988 0.094752 0.270081
231 0.152144 0.189037 0.176401 0.250906 0.147839 0.072041 0.151145 0.253866 0.052029
248 -0.267327 0.126545 0.050228 -0.22169 0.194422 -0.055262 -0.275564 0.071966 -0.094263
352 0.122031 -0.266191 -0.065198 -0.021721 -0.292471 -0.06316 0.035974 -0.2373 -0.179985
420 0.037035 0.162963 0.249141 0.033257 0.256813 0.151463 -0.084279 0.21043 0.196511
451 0.122031 -0.266191 -0.065198 0.035974 -0.2373 -0.179985 0.1723 -0.177991 -0.16921
463 -0.10094 -0.193523 0.205815 0.040978 -0.242808 0.171363 0.019484 -0.127129 0.271032
476 -0.072099 0.181279 -0.227903 -0.102241 0.039489 -0.279262 -0.194236 0.127903 -0.189508
539 0.249369 -0.127994 0.106924 0.233096 -0.185955 -0.032967 0.29137 -0.071438 -0.000448
543 -0.243678 -0.172701 -0.028197 -0.200074 -0.162202 -0.153821 -0.151128 -0.255968 -0.040505
544 -0.08988 0.094752 0.270081 -0.18809 0.019143 0.232928 -0.098172 -0.056474 0.2778
567 -0.07845 -0.124242 -0.261552 0.074319 -0.134277 -0.257772 0.035974 -0.2373 -0.179985
575 0.026561 0.298476 0.014369 -0.111982 0.27753 -0.020904 -0.06753 0.276785 0.093968
603 -0.138293 0.227658 -0.138011 -0.194236 0.127903 -0.189508 -0.22169 0.194422 -0.055262
628 -0.267107 0.015863 0.135655 -0.267327 0.126545 0.050228 -0.29938 0.011212 0.015689
680 -0.181447 0.224315 0.082217 -0.111982 0.27753 -0.020904 -0.22169 0.194422 -0.055262
715 -0.276286 -0.097181 0.064977 -0.243678 -0.172701 -0.028197 -0.194546 -0.208361 0.093475
732 0.058808 0.203513 -0.212424 0.173701 0.173888 -0.17202 0.134932 0.086905 -0.253458
832 0.033257 0.256813 0.151463 0.152144 0.189037 0.176401 0.151145 0.253866 0.052029
876 0.152144 0.189037 0.176401 0.13797 0.074582 0.255738 0.229417 0.086293 0.172978
900 0.219701 -0.036595 0.200978 0.122069 -0.050606 0.269329 0.151717 -0.158988 0.204217
927 -0.08988 0.094752 0.270081 -0.098172 -0.056474 0.2778 0.016475 0.022827 0.298676
936 -0.209886 -0.10136 0.188875 -0.276286 -0.097181 0.064977 -0.194546 -0.208361 0.093475
951 -0.209886 -0.10136 0.188875 -0.194546 -0.208361 0.093475 -0.10094 -0.193523 0.205815
967 -0.072099 0.181279 -0.227903 -0.194236 0.127903 -0.189508 -0.138293 0.227658 -0.138011
1003 -0.18809 0.019143 0.232928 -0.209886 -0.10136 0.188875 -0.098172 -0.056474 0.2778
1011 -0.276286 -0.097181 0.064977 -0.280627 -0.068514 -0.08096 -0.243678 -0.172701 -0.028197
1015 -0.200133 0.134109 0.178778 -0.267107 0.015863 0.135655 -0.18809 0.019143 0.232928
1020 0.016475 0.022827 0.298676 -0.098172 -0.056474 0.2778 0.019484 -0.127129 0.271032
1039 0.151145 0.253866 0.052029 0.116356 0.263063 -0.0852 0.026561 0.298476 0.014369
1063 0.122069 -0.050606 0.269329 0.019484 -0.127129 0.271032 0.151717 -0.158988 0.204217
1075 0.229417 0.086293 0.172978 0.284296 0.01005 0.095261 0.250906 0.147839 0.072041
1103 -0.200133 0.134109 0.178778 -0.267327 0.126545 0.050228 -0.267107 0.015863 0.135655
1111 -0.084279 0.21043 0.196511 -0.181447 0.224315 0.082217 -0.200133 0.134109 0.178778
1112 0.151145 0.253866 0.052029 0.250906 0.147839 0.072041 0.23139 0.182431 -0.056369
1127 0.012727 0.108926 -0.279237 0.03613 -0.01921 -0.297196 -0.102241 0.039489 -0.279262
1152 0.293433 0.052106 -0.034381 0.29137 -0.071438 -0.000448 0.262885 -0.070455 -0.126204
1195 0.151145 0.253866 0.052029 0.23139 0.182431 -0.056369 0.116356 0.263063 -0.0852
1216 -0.151128 -0.255968 -0.040505 -0.200074 -0.162202 -0.153821 -0.092572 -0.237454 -0.15826
1239 0.037035 0.162963 0.249141 0.13797 0.074582 0.255738 0.152144 0.189037 0.176401
1248 -0.194546 -0.208361 0.093475 -0.243678 -0.172701 -0.028197 -0.151128 -0.255968 -0.040505
1259 -0.267107 0.015863 0.135655 -0.29938 0.011212 0.015689 -0.276286 -0.097181 0.064977
1267 -0.267107 0.015863 0.135655 -0.276286 -0.097181 0.064977 -0.209886 -0.10136 0.188875
1291 0.037035 0.162963 0.249141 0.016475 0.022827 0.298676 0.13797 0.074582 0.255738
1319 0.058808 0.203513 -0.212424 0.012727 0.108926 -0.279237 -0.072099 0.181279 -0.227903
1331 0.13797 0.074582 0.255738 0.122069 -0.050606 0.269329 0.219701 -0.036595 0.200978
1335 0.13797 0.074582 0.255738 0.219701 -0.036595 0.200978 0.229417 0.086293 0.172978
1355 0.219701 -0.036595 0.200978 0.249369 -0.127994 0.106924 0.284296 0.01005 0.095261
1356 0.219701 -0.036595 0.200978 0.151717 -0.158988 0.204217 0.249369 -0.127994 0.106924
1368 0.173701 0.173888 -0.17202 0.239608 0.067338 -0.167492 0.134932 0.086905 -0.253458
1443 0.03613 -0.01921 -0.297196 0.074319 -0.134277 -0.257772 -0.07845 -0.124242 -0.261552
1467 0.151717 -0.158988 0.204217 0.162539 -0.238405 0.082123 0.249369 -0.127994 0.106924
1492 0.250906 0.147839 0.072041 0.284296 0.01005 0.095261 0.293433 0.052106 -0.034381
1496 0.284296 0.01005 0.095261 0.249369 -0.127994 0.106924 0.29137 -0.071438 -0.000448
1504 0.033257 0.256813 0.151463 0.151145 0.253866 0.052029 0.026561 0.298476 0.014369
1596 0.229417 0.086293 0.172978 0.219701 -0.036595 0.200978 0.284296 0.01005 0.095261
1623 -0.181447 0.224315 0.082217 -0.22169 0.194422 -0.055262 -0.267327 0.126545 0.050228
1655 0.239608 0.067338 -0.167492 0.174414 -0.047166 -0.239489 0.134932 0.086905 -0.253458
1708 -0.084279 0.21043 0.196511 -0.06753 0.276785 0.093968 -0.181447 0.224315 0.082217
1736 -0.18809 0.019143 0.232928 -0.267107 0.015863 0.135655 -0.209886 -0.10136 0.188875
1751 -0.015769 0.271701 -0.126213 -0.138293 0.227658 -0.138011 -0.111982 0.27753 -0.020904
1772 0.1723 -0.177991 -0.16921 0.035974 -0.2373 -0.179985 0.074319 -0.134277 -0.257772
1816 0.233096 -0.185955 -0.032967 0.122031 -0.266191 -0.065198 0.1723 -0.177991 -0.16921
1916 -0.07845 -0.124242 -0.261552 0.035974 -0.2373 -0.179985 -0.092572 -0.237454 -0.15826
1932 0.116356 0.263063 -0.0852 0.23139 0.182431 -0.056369 0.173701 0.173888 -0.17202
1939 0.23139 0.182431 -0.056369 0.239608 0.067338 -0.167492 0.173701 0.173888 -0.17202
1960 0.151717 -0.158988 0.204217 0.019484 -0.127129 0.271032 0.040978 -0.242808 0.171363
1972 0.239608 0.067338 -0.167492 0.262885 -0.070455 -0.126204 0.174414 -0.047166 -0.239489
2008 0.026561 0.298476 0.014369 0.116356 0.263063 -0.0852 -0.015769 0.271701 -0.126213
2139 0.250906 0.147839 0.072041 0.293433 0.052106 -0.034381 0.23139 0.182431 -0.056369
2148 0.23139 0.182431 -0.056369 0.293433 0.052106 -0.034381 0.239608 0.067338 -0.167492
2360 0.012727 0.108926 -0.279237 0.134932 0.086905 -0.253458 0.03613 -0.01921 -0.297196
2412 -0.015769 0.271701 -0.126213 0.058808 0.203513 -0.212424 -0.072099 0.181279 -0.227903
2420 -0.015769 0.271701 -0.126213 -0.072099 0.181279 -0.227903 -0.138293 0.227658 -0.138011
2472 -0.200133 0.134109 0.178778 -0.181447 0.224315 0.082217 -0.267327 0.126545 0.050228
2479 -0.077762 -0.277892 0.08203 -0.021721 -0.292471 -0.06316 0.04997 -0.292056 0.046971
2515 0.016475 0.022827 0.298676 0.019484 -0.127129 0.271032 0.122069 -0.050606 0.269329
2635 0.29137 -0.071438 -0.000448 0.233096 -0.185955 -0.032967 0.262885 -0.070455 -0.126204
2644 0.262885 -0.070455 -0.126204 0.233096 -0.185955 -0.032967 0.1723 -0.177991 -0.16921
2651 -0.215931 -0.023411 -0.206943 -0.200074 -0.162202 -0.153821 -0.280627 -0.068514 -0.08096
2815 0.262885 -0.070455 -0.126204 0.1723 -0.177991 -0.16921 0.174414 -0.047166 -0.239489
2823 -0.151128 -0.255968 -0.040505 -0.092572 -0.237454 -0.15826 -0.021721 -0.292471 -0.06316
3019 -0.10094 -0.193523 0.205815 -0.077762 -0.277892 0.08203 0.040978 -0.242808 0.171363
3231 0.284296 0.01005 0.095261 0.29137 -0.071438 -0.000448 0.293433 0.052106 -0.034381
3364 -0.243678 -0.172701 -0.028197 -0.280627 -0.068514 -0.08096 -0.200074 -0.162202 -0.153821
3443 0.151717 -0.158988 0.204217 0.040978 -0.242808 0.171363 0.162539 -0.238405 0.082123
3476 0.174414 -0.047166 -0.239489 0.1723 -0.177991 -0.16921 0.074319 -0.134277 -0.257772
3624 0.033257 0.256813 0.151463 0.026561 0.298476 0.014369 -0.06753 0.276785 0.093968
3691 0.037035 0.162963 0.249141 0.152144 0.189037 0.176401 0.033257 0.256813 0.151463
3903 -0.267327 0.126545 0.050228 -0.275564 0.071966 -0.094263 -0.29938 0.011212 0.015689
4088 0.026561 0.298476 0.014369 -0.015769 0.271701 -0.126213 -0.111982 0.27753 -0.020904
4100 -0.276286 -0.097181 0.064977 -0.29938 0.011212 0.015689 -0.280627 -0.068514 -0.08096
4123 -0.194546 -0.208361 0.093475 -0.151128 -0.255968 -0.040505 -0.077762 -0.277892 0.08203
4300 -0.08988 0.094752 0.270081 -0.200133 0.134109 0.178778 -0.18809 0.019143 0.232928
4316 -0.098172 -0.056474 0.2778 -0.10094 -0.193523 0.205815 0.019484 -0.127129 0.271032
4324 -0.098172 -0.056474 0.2778 -0.209886 -0.10136 0.188875 -0.10094 -0.193523 0.205815
4419 -0.194236 0.127903 -0.189508 -0.215931 -0.023411 -0.206943 -0.275564 0.071966 -0.094263
4464 -0.10094 -0.193523 0.205815 -0.194546 -0.208361 0.093475 -0.077762 -0.277892 0.08203
4600 0.152144 0.189037 0.176401 0.229417 0.086293 0.172978 0.250906 0.147839 0.072041
4636 0.040978 -0.242808 0.171363 -0.077762 -0.277892 0.08203 0.04997 -0.292056 0.046971
4879 0.162539 -0.238405 0.082123 0.122031 -0.266191 -0.065198 0.233096 -0.185955 -0.032967
5064 0.122031 -0.266191 -0.065198 0.04997 -0.292056 0.046971 -0.021721 -0.292471 -0.06316
5072 -0.215931 -0.023411 -0.206943 -0.07845 -0.124242 -0.261552 -0.200074 -0.162202 -0.153821
5171 -0.021721 -0.292471 -0.06316 -0.092572 -0.237454 -0.15826 0.035974 -0.2373 -0.179985
5452 -0.077762 -0.277892 0.08203 -0.151128 -0.255968 -0.040505 -0.021721 -0.292471 -0.06316
5484 -0.29938 0.011212 0.015689 -0.275564 0.071966 -0.094263 -0.280627 -0.068514 -0.08096
5699 0.134932 0.086905 -0.253458 0.174414 -0.047166 -0.239489 0.03613 -0.01921 -0.297196
5840 0.13797 0.074582 0.255738 0.016475 0.022827 0.298676 0.122069 -0.050606 0.269329
5879 0.116356 0.263063 -0.0852 0.173701 0.173888 -0.17202 0.058808 0.203513 -0.212424
5920 0.037035 0.162963 0.249141 -0.08988 0.094752 0.270081 0.016475 0.022827 0.298676
5996 0.249369 -0.127994 0.106924 0.162539 -0.238405 0.082123 0.233096 -0.185955 -0.032967
6067 -0.102241 0.039489 -0.279262 -0.215931 -0.023411 -0.206943 -0.194236 0.127903 -0.189508
6072 -0.22169 0.194422 -0.055262 -0.194236 0.127903 -0.189508 -0.275564 0.071966 -0.094263
6091 0.162539 -0.238405 0.082123 0.04997 -0.292056 0.046971 0.122031 -0.266191 -0.065198
6136 0.162539 -0.238405 0.082123 0.040978 -0.242808 0.171363 0.04997 -0.292056 0.046971
