6168
203
3535
12
-1
4537
115
66
-1
2451
5638
3234
-1
2
3906
183
1262
45
1166
398
1440
1349
4068
1482
3396
1747
2415
3268
-1
3798
3831
332
-1
5141
3205
3623
3820
2505
1907
4134
1869
1709
1691
573
-1
-1
16
2611
912
227
509
1321
4356
130
195
5160
2276
4465
1520
959
4120
4522
1795
344
3929
-1
68
6
4109
65
113
4866
2532
-1
1508
1442
1312
5073
5727
1148
-1
3619
4303
1076
-1
5961
5788
3562
3556
-1
1124
139
2256
1493
1966
1530
3228
991
1975
436
-1
6001
4320
5291
5598
5283
1711
3626
-1
4925
3492
3721
2396
2755
69
4116
5
403
4059
734
-1
5994
5751
2890
-1
3909
841
5490
1210
4825
159
52
-1
815
5574
946
3460
479
491
186
90
589
265
3771
170
302
2158
2842
4334
-1
3200
5485
4417
2583
3511
210
-1
3875
194
362
129
5687
5091
2608
-1
2591
392
338
5093
526
178
143
4145
3757
4219
2372
-1
4166
264
169
4580
202
2434
2352
14
2258
4529
138
2314
1541
5710
2072
-1
3946
5432
157
53
-1
5204
681
1749
1162
3223
180
0
-1
3616
5923
422
-1
6012
154
4349
490
1129
2610
5686
5739
780
2626
2684
1010
3199
5358
4102
1295
433
1118
48
2675
1115
6080
-1
5943
896
4705
4402
5466
260
615
2704
3473
1901
510
2021
1714
4709
6122
5158
-1
6074
3902
1756
3286
3621
1510
1313
1346
4752
6106
3281
237
268
501
1285
177
141
4004
1481
261
3965
5613
613
1547
4774
382
1237
6155
6033
6071
4684
286
4407
1576
3109
3663
659
280
2105
538
1224
755
5998
2989
6038
1762
1226
2262
342
935
1612
310
3011
144
-1
994
3303
2918
597
2843
5823
300
-1
566
1509
3094
1441
4362
4413
2609
1164
2915
4628
3170
1213
-1
3552
363
3874
1151
4230
3087
1918
30
5740
339
2590
826
4955
166
334
6102
2520
297
350
62
3823
3682
3105
4942
684
343
1876
-1
1116
450
1320
521
2517
2246
1721
5410
5070
158
326
903
2216
559
1329
-1
388
379
4376
5967
5867
1028
5668
3835
4911
5660
370
2019
2747
274
1486
3541
441
6098
1362
369
4860
907
2164
165
2900
2637
1886
1527
2653
18
913
1318
1232
2950
116
2189
2501
1057
3916
1411
3486
412
4214
410
3654
821
2390
1993
3739
1753
-1
-1
5300
207
3688
1414
3274
2878
2305
-1
5860
595
3325
511
225
2453
4286
98
618
1631
1154
2538
385
1325
5493
1847
2000
4530
1810
1835
1991
354
-1
2114
504
1658
1892
3189
6076
2454
5620
4317
1961
3212
-1
1859
2524
3629
2600
3525
5847
1134
-1
-1
4936
4079
6029
-1
6064
5531
136
2701
1241
2109
2961
2647
726
4248
2633
914
2001
212
137
805
3312
961
5213
4099
3225
3096
-1
2463
262
5797
3857
453
1310
5928
5557
4842
49
242
432
622
4696
921
3713
2705
5233
607
2461
1487
356
1546
3898
609
4451
168
-1
4433
3352
5118
677
4406
5783
2602
657
4835
2115
288
-1
1363
1219
6096
-1
-1
1000
926
3144
586
4069
2491
590
2831
4117
4204
2749
582
1396
1593
366
587
3422
610
-1
1919
1773
312
-1
911
2057
2192
1840
3625
42
1624
-1
1641
4846
1089
1456
1354
3279
556
1358
5857
2682
548
560
611
140
551
796
3235
3191
3236
430
2534
307
4864
4886
5207
4643
5348
-1
653
3496
3697
518
-1
524
562
588
3502
271
1373
238
2495
1308
437
1657
4483
2973
512
4758
2173
3992
1246
2429
-1
3908
1191
720
719
3676
5049
3090
5258
5955
2729
3338
5309
4321
1339
648
1917
4231
1048
5169
643
5289
5229
5336
2334
604
2025
1046
3631
535
816
285
3807
711
3480
693
5293
3745
722
1190
2329
3979
806
750
4851
2997
3599
4776
5547
531
4280
3378
-1
198
1683
1688
349
4445
778
2576
-1
4768
3763
1268
3673
663
700
-1
2763
1263
838
-1
694
708
4789
3324
1998
1473
2182
4156
701
3852
3239
661
947
1251
3540
-1
4513
5312
4963
632
631
1478
666
1101
1227
4269
485
2113
2803
3549
4616
-1
-1
2308
118
3024
754
789
2281
930
4210
1165
2654
4412
3637
5415
3266
-1
2933
4617
671
784
1519
757
736
290
3515
753
791
4200
4917
4492
5978
773
1139
1646
3186
5438
2759
2536
3003
5725
4170
763
6081
2504
2389
3655
686
1877
217
4983
5908
5532
751
5217
804
-1
6161
737
2080
758
1065
1821
2641
-1
591
3768
2490
1697
2529
4887
4044
-1
786
492
670
2910
905
5953
3694
857
5359
5470
3542
132
658
5623
3782
2818
2987
414
4496
2186
3717
2619
336
3796
2147
2959
4000
-1
-1
2672
1507
3704
-1
2260
698
4892
1205
125
4290
2341
4795
5434
5422
5524
1823
3817
992
860
1967
2594
3262
1630
3291
811
5849
897
851
2909
960
-1
3761
4647
2760
-1
5663
2351
4545
4378
6103
4239
5278
-1
-1
1332
3899
1544
3283
1347
4026
-1
3270
2401
1746
4368
2822
3002
2810
1218
3918
1433
4553
1905
233
859
904
5932
-1
5604
1359
364
898
808
2730
390
2567
971
2188
568
47
399
488
1125
4363
2570
3084
1150
3959
514
3449
5294
2799
1023
546
-1
5999
5100
739
1465
4893
1923
2198
298
-1
944
950
5420
1629
2595
1309
2272
937
956
134
712
4015
4467
938
-1
1539
1735
2381
4985
945
5609
1342
58
862
494
995
3193
4143
5351
5528
-1
4133
3919
1965
909
5019
4115
5506
4538
1053
1200
1707
4128
4923
3792
1870
5013
3753
3258
3322
5146
2149
4591
1628
96
850
2571
304
962
1270
3414
1098
4264
545
5023
3932
-1
1041
3173
1025
1293
3543
3367
220
-1
3451
5295
1100
-1
-1
2100
4263
1096
-1
5836
5139
925
1033
1006
4431
5792
374
2402
2962
2096
3597
1024
1043
5225
3059
2627
2468
-1
4285
1004
2441
1034
1158
4585
655
1069
646
6077
1989
1117
-1
976
3358
5369
4033
406
1461
4552
4671
1963
3856
-1
-1
792
3819
2300
2169
1047
5790
1080
4083
1495
1404
-1
82
3450
2459
1108
1071
1159
1254
-1
2099
4311
5938
3544
4237
578
5401
2944
4719
1348
5286
3073
1019
4646
998
3762
1014
723
2474
-1
3015
6114
1690
1682
1079
2475
2976
-1
-1
4168
1379
229
353
1051
226
5168
2527
3580
1311
1857
89
915
1636
-1
3153
213
4414
2002
-1
1542
470
1780
3386
1634
5001
764
4103
1211
5536
1257
4815
1579
1304
1298
78
2756
919
328
-1
1656
439
3260
3306
4163
1044
1081
5447
5715
200
-1
319
741
17
3092
3393
2303
4052
-1
1197
2871
1580
-1
5239
5652
1931
5709
6057
2243
3280
-1
6142
2960
2111
1429
1258
1208
667
630
2471
1935
1376
-1
-1
1172
2858
1228
977
2558
4967
3701
5305
840
1209
1336
1189
1206
127
1141
2271
323
5666
4804
-1
5724
891
541
1718
1521
4442
3033
289
3513
295
724
1199
1582
2972
2982
401
1985
4067
2257
3690
275
1288
-1
1745
481
2094
4149
3727
1611
626
4729
-1
1360
1343
713
-1
3124
1082
3557
1266
1143
1188
-1
-1
1272
15
697
1737
5419
1256
-1
691
2135
996
3216
1261
3907
2318
-1
5527
3967
4305
5164
4339
5039
4934
-1
5729
263
2233
4161
1238
2907
5922
-1
5787
1007
5242
224
-1
3108
1147
1300
1299
6162
1307
1413
1146
3912
1553
1302
617
942
505
1122
75
255
1526
5697
2063
2259
400
-1
355
50
1902
5066
5726
442
6097
5317
1334
367
5988
-1
877
1595
1328
-1
1207
5627
5537
642
4122
1768
958
1250
4023
3843
256
881
1093
20
4721
5374
1597
1867
580
-1
-1
2280
583
902
1249
1770
387
540
3943
4615
5768
-1
-1
2180
2311
1944
1427
614
4818
3165
1194
4186
1742
1114
1393
1439
4388
4712
4201
2503
6022
1517
5206
2110
2093
1428
-1
1380
1419
4574
557
1590
2290
1444
3442
3951
3138
1962
1074
1531
1488
1598
2014
4974
2985
408
6046
1303
424
-1
5326
1438
5514
1394
-1
5756
3563
6085
-1
3380
1470
1372
1391
1187
4141
5350
1591
893
1445
3922
3254
5355
1417
1381
19
315
74
-1
1399
1434
5026
2224
4313
2877
2081
5804
5166
5232
5021
3742
579
4931
2698
4454
4173
1058
2502
5024
2283
931
1812
-1
4799
3639
1426
-1
6063
705
1480
2556
1551
4745
721
2789
1474
267
22
1705
4471
2482
383
520
1406
1588
2266
1594
-1
92
1875
1073
-1
4832
3230
1864
1513
1574
2618
2844
-1
3056
2187
834
73
313
254
3478
-1
1500
2346
3718
4834
1387
3276
752
57
1221
4786
2721
1637
2725
1314
396
1866
3920
94
1405
4167
4130
4048
-1
-1
1784
5753
952
-1
188
1133
5884
879
5974
522
272
1758
2785
3910
1476
1563
1306
1651
6045
5521
4194
5685
5056
-1
3732
1607
1552
2957
3731
1888
-1
3209
1887
1950
-1
2405
5651
1501
3988
282
3343
4790
1145
1174
2926
1229
1914
5831
2485
5706
5825
1489
2245
1397
1432
1599
558
1491
1333
-1
1352
1407
1592
1667
2067
1640
-1
5442
3687
1648
1562
6079
4229
3042
1245
299
1878
2196
1678
3350
2866
3242
6094
2791
1759
1680
-1
574
1689
2574
4090
990
940
855
438
1862
3061
1137
1644
1126
1524
4066
2362
1602
576
1663
4238
1635
5052
765
3169
1606
3913
5121
1554
2183
3251
1996
-1
1153
619
454
2632
1666
4920
3871
1642
3141
4938
1660
1600
1673
5053
5886
1781
1726
1668
3047
4346
-1
1684
1615
2958
1622
5518
1107
682
1677
1879
3772
4152
683
1625
1106
41
2382
5985
4706
2048
5881
799
3586
-1
3809
1852
5650
4380
5373
1483
4165
978
-1
40
2979
105
6139
3950
244
3441
3955
2605
1220
5361
3795
359
4598
2444
5549
1783
1672
-1
1767
5912
1790
4330
4997
2297
1930
953
-1
1264
3935
5292
3115
5801
1378
2470
2009
1240
886
24
4089
199
2092
-1
4945
418
1766
-1
251
4822
1548
1621
1819
1900
294
4877
-1
5916
1754
1728
1341
4473
1361
2808
-1
565
3477
1988
4331
2238
1788
3053
1135
1671
3185
1725
1537
2838
4856
-1
1778
5959
1730
3064
4205
2931
3301
61
2054
2582
2708
2806
3481
4840
3319
2020
-1
2024
2206
1884
3447
3152
447
3692
1466
5102
3139
3440
-1
1832
2645
1760
-1
793
2919
848
3399
4913
5982
4093
4533
3046
2090
2040
1817
4242
1903
448
2195
4737
1924
1842
571
2273
1839
2564
5675
2620
2774
444
3801
3587
5816
-1
1701
2901
5766
4649
5558
1123
5149
464
4517
3709
1632
5854
1499
3278
1528
1353
2499
39
982
4916
2138
1964
2690
1494
351
779
1613
1685
1973
2084
2494
2812
1807
1968
395
1569
1566
5007
3778
-1
455
5930
3261
4833
-1
4680
1915
3749
1761
241
1322
1834
3793
895
2244
37
5110
3427
5717
5298
-1
3940
1583
1898
-1
644
331
564
3879
3413
2969
933
1838
6021
2190
2566
4858
2270
1734
1178
-1
4976
4107
1193
4979
1947
4072
-1
2331
2911
3816
-1
1371
4158
3456
1937
-1
3640
1570
1976
5805
4569
2656
2865
-1
2832
4675
5261
-1
461
1403
1061
1873
970
93
852
1885
2855
3641
2026
-1
1880
1999
97
1951
3022
4261
2101
2031
1995
4946
-1
2545
1233
2954
5085
1775
1050
4182
449
-1
416
5619
1981
1654
2087
704
1974
445
489
1131
2652
2234
6111
3569
3037
-1
1744
4151
2624
2551
2323
1408
3060
4470
5196
3705
380
1803
243
6037
3854
1805
654
1971
2170
5645
5682
4971
1980
4142
2098
2061
2312
5665
4630
2069
3068
1831
4347
5266
-1
5051
2738
3505
-1
1695
5720
2418
2337
5265
2143
1796
-1
5890
569
2497
4132
2413
2034
4838
1316
-1
4452
5334
1601
2074
2038
5885
5564
190
5654
2068
6158
4607
5015
4937
2370
790
1450
3273
4172
1881
2557
3464
1997
5267
3991
1830
2404
1750
1390
1242
2422
1031
4854
2033
1084
1017
1979
3566
-1
5273
287
4550
-1
2914
482
1389
1186
2634
727
452
537
2133
2197
3412
3604
5821
4547
4372
-1
5719
5354
4006
4581
4110
4867
4910
2530
6146
2116
2146
1269
4703
2151
1872
-1
-1
2580
5902
2053
4770
2199
2134
828
-1
988
4075
2137
-1
5688
2339
2208
5942
3546
145
2417
3123
4651
3810
3417
391
2767
2728
-1
-1
1068
2027
3601
-1
624
2661
2769
2410
2757
2302
3818
1369
3431
706
1652
3635
5736
823
1506
910
404
1926
2194
570
5641
2191
1836
1614
2117
934
2145
-1
5124
6147
3217
2589
2439
1806
-1
2155
4516
2239
4221
5315
2787
4806
5664
365
2291
6152
5606
2229
6110
3952
5612
1447
3923
2500
3277
2250
2220
2733
5178
4685
1286
2004
3005
2338
5722
1777
2210
-1
6104
2306
1181
1906
1589
358
2265
3181
5563
2228
4028
3175
3993
2758
4228
91
1235
184
1317
837
2319
296
-1
3897
2247
1490
4082
3851
2298
1929
1212
943
1841
3581
4594
55
5414
5203
3638
1357
738
4315
1464
2327
2408
5119
3369
5807
2658
1398
2217
-1
5444
3567
4644
5987
1733
2269
3168
1067
3994
2178
1169
2377
427
2242
-1
733
3430
2392
1370
2035
3290
187
5530
-1
6100
1274
2261
5055
4950
3521
2013
-1
2328
5106
2284
2325
668
2411
1940
2437
2707
652
3304
5774
2051
2236
2154
5313
843
2786
5306
2357
2407
1514
-1
5937
5087
2544
869
182
3878
5446
2968
-1
2344
2387
3122
-1
5696
1639
4056
3989
2540
4949
5380
4027
5060
2079
5333
174
6166
4227
3226
-1
2304
2875
2425
5755
954
1692
5689
4462
2406
3811
2358
2715
776
415
5737
2310
2487
3025
3536
111
5802
4185
5976
5865
885
1029
4852
2091
1572
2385
2345
2285
3815
2176
2330
-1
2060
2423
25
4333
2159
2050
4704
-1
4140
2095
2414
2511
2379
6058
-1
3683
627
2640
-1
2446
2523
181
3869
-1
2332
2587
2205
5153
1042
4054
5221
1723
2483
2432
4921
3805
3880
3238
8
3475
434
458
3237
5331
2542
2978
1078
5137
519
5837
500
-1
4450
5375
3421
1038
4384
1743
1192
-1
2788
1102
1109
4637
5079
4784
-1
4447
2522
1485
2445
3769
1585
4005
2393
3785
3519
798
550
4251
2526
1882
616
4903
2058
3405
1868
2226
405
1462
1385
775
36
4081
2688
2597
2874
2867
2424
4043
3859
5136
-1
4597
357
2657
5906
341
3876
2481
2433
465
2559
2493
1120
-1
800
2131
4608
71
4199
596
-1
769
3353
440
3813
2365
3029
2457
4697
2350
1984
4531
2772
2703
6113
2573
2012
-1
2920
2779
5693
1475
2085
1201
2525
5625
3332
5357
4782
1843
2592
1927
908
3363
3302
917
993
2687
2550
1626
3633
687
4493
3113
2677
2141
5566
1797
152
3166
2706
5742
2438
-1
2204
335
164
2565
5929
853
941
-1
2508
5694
3328
467
4249
534
4270
4013
1717
2722
3214
162
318
214
46
5237
5951
4512
-1
2975
4954
1502
825
1845
2724
2655
2670
2011
4387
218
1037
4707
4403
5754
-1
1659
487
2112
-1
5094
394
4650
3210
2430
794
4520
-1
-1
1818
4247
484
3203
3365
5316
-1
2003
397
742
2622
1954
2518
2289
6153
-1
2174
4055
5637
3573
5499
2776
-1
2830
3176
2623
4208
833
3114
4478
228
5803
2579
5977
5405
2697
4071
585
4722
219
2702
4150
2572
2507
4135
1874
4702
5681
4396
4063
5800
2886
2680
1458
4394
5910
480
2685
2548
239
516
2585
2333
1798
4699
3990
2845
5535
3773
4215
2388
-1
5992
3867
3728
3018
1523
2606
4466
2621
1525
3177
3426
2166
638
906
4457
6026
2230
6127
3986
3091
2827
2045
-1
2930
3093
3622
4209
3877
4293
5761
381
3299
555
4865
3445
-1
4524
3931
112
1149
2177
2254
768
866
2971
4894
696
-1
5256
4611
2165
3233
2175
4728
-1
2547
2955
1846
3528
2666
2882
6032
2554
5045
5795
4440
3598
4747
1549
2342
2213
2473
1479
3012
1620
2801
5011
4673
2833
5921
3962
4298
924
2825
2792
5474
728
-1
4348
1799
2857
1771
3969
890
2862
1883
4439
4244
-1
3661
5862
819
4420
2863
5243
888
-1
-1
2800
2835
2737
5673
4113
2668
552
1957
2795
3926
2826
4458
3435
1785
-1
5869
3839
146
308
1503
2711
2974
2856
4827
5162
5926
4681
3499
3118
2902
1969
2847
2807
1198
-1
5453
5786
2811
2820
3329
1955
1617
2510
-1
2892
4350
1173
2922
2876
2509
2378
2873
1449
426
2941
5497
3007
2777
2896
4455
4891
2696
-1
-1
5000
122
5004
2869
6014
2924
3488
2883
3036
2942
5112
393
1853
2854
2994
5843
3960
4775
1289
-1
861
807
1941
5517
6115
2108
320
4197
4521
306
1822
2553
2943
2872
-1
2894
4757
1581
3941
3822
3085
2740
1793
-1
748
4566
5105
3594
4084
3023
3409
6043
2879
2898
2921
1091
4395
5097
-1
3026
5829
402
4836
5297
3424
1986
2773
-1
1564
1679
829
1185
483
1030
5966
4635
4539
3834
-1
2355
1922
4645
2761
1230
621
2846
2616
1110
3014
2458
1710
-1
3748
1231
3797
3634
1410
5282
820
5997
292
5159
4876
4953
5649
2903
3048
4843
673
4284
4125
3174
4429
889
770
3039
2235
3157
2881
-1
5940
4374
301
2790
3030
2977
1104
3215
4639
2720
-1
3642
3119
1977
2938
735
2394
2948
5877
3069
2541
3013
3522
3149
1223
5602
5360
2897
2007
6124
3004
3725
3821
1610
6150
4541
4948
1829
1674
2995
4297
3498
5457
4191
1779
4220
-1
1505
5738
3112
1036
2015
1633
4212
3710
1791
5553
4957
4189
2039
3028
3078
4744
5255
1095
4890
-1
3714
4698
3070
5565
5249
3314
4195
5344
918
2929
3095
330
5949
3924
635
2736
1167
2741
314
3086
498
3647
3104
-1
-1
4096
5658
4713
3098
347
4882
3928
1297
283
6160
5274
3058
2578
2673
1740
4294
5765
2853
3021
-1
5080
2359
2160
1253
3159
5498
-1
3265
5562
3501
3182
3151
5603
5340
3945
3570
6109
1402
1814
-1
1664
6030
3904
547
3958
4296
4302
4337
3032
5047
3132
1809
1128
4193
4620
5635
3006
4160
3125
5061
4912
4094
3404
6055
1375
2584
-1
2299
1647
322
6140
5241
1005
3000
2252
2669
2726
3620
5109
-1
2248
3131
6025
3527
1782
766
5461
5861
456
4730
593
4885
963
5212
-1
5489
3333
3201
221
149
3198
4830
2648
6149
33
3285
3577
-1
1568
2639
4257
462
3948
2607
3016
1271
2203
3416
-1
3243
4596
5713
201
-1
497
2375
4896
95
3263
1498
-1
-1
2768
10
592
594
2455
2450
710
3246
4568
1618
3220
6095
4078
3240
3534
5698
3467
5700
1653
4137
4582
1436
5656
5177
4850
985
4725
1155
1894
854
3229
-1
3128
746
3381
26
4839
884
5876
6163
2082
425
6105
1518
2227
1865
581
1182
259
4604
880
4438
3206
252
3466
5939
4528
2313
856
3915
3318
5157
6036
4623
4207
3300
2748
3298
1794
2569
305
2335
5467
1156
-1
3589
5142
3578
5716
493
3360
3081
4868
3685
4708
3293
1802
4486
4849
986
3686
703
431
3765
-1
2599
2864
5758
3349
2561
3197
5194
4289
3454
3850
639
3434
6039
3855
4405
1577
-1
3784
5859
3736
6133
3331
1616
-1
529
2537
4474
4428
3403
3703
1054
-1
3313
4622
4361
2568
-1
2649
6099
1009
4435
2287
3394
-1
-1
4272
3379
5036
-1
4432
679
3374
1425
3267
3500
-1
5749
4519
1136
5776
5145
4489
4426
-1
-1
1168
3370
5220
23
4990
6062
1824
4549
3628
3665
3356
3163
2498
5643
5012
3565
2939
5448
6116
2118
1921
997
5760
3218
2163
3980
-1
4723
2467
561
-1
2953
4065
2727
1909
5703
4007
2309
2181
3439
4857
3339
2837
-1
5950
3455
3432
1815
1715
1400
-1
4909
2751
5672
1808
4301
922
1077
1012
5262
3927
3336
3438
1946
3493
3539
4977
135
5570
5421
5230
2086
3576
3287
3249
5251
4732
4609
5257
3853
240
5782
2452
-1
1774
1511
4436
662
1800
4127
3669
4975
3826
409
3649
2895
6018
4614
-1
109
3457
3516
4989
605
3961
3050
2852
3382
3130
612
4254
5583
2046
3972
-1
6159
6004
5567
153
4271
1225
4404
756
3494
3537
4062
2489
4631
2322
3031
6112
-1
468
5439
3184
2775
5505
5674
5661
-1
6028
3247
1
2395
3517
4105
3458
714
384
814
1008
1087
4276
2157
5670
-1
729
5219
4009
325
5595
5390
-1
87
1255
3574
-1
3575
6034
86
1422
-1
3408
2102
2294
4669
2006
3136
4314
-1
2664
3558
3560
3465
3207
3310
4965
1121
2274
4557
5980
-1
4904
1698
1849
4049
3308
4097
4897
3602
5791
2936
5962
5041
1032
2783
674
3643
2171
3592
-1
2119
3652
5191
3825
5479
3893
5502
4641
3925
5192
3894
3678
205
4299
5320
80
3178
253
2742
34
-1
572
106
3632
3401
466
3702
656
3627
2575
2984
2184
-1
744
2279
1469
1949
1970
3020
3600
-1
3680
6167
3097
3790
3487
3656
4542
3605
5199
413
777
3650
3827
6145
5125
-1
2816
3766
284
3998
3402
3842
4718
4487
3483
3684
3674
-1
692
3671
3733
633
4288
3615
5314
3645
3726
346
2428
3670
3316
3323
1605
423
3707
1236
-1
1811
4733
810
4861
4042
606
3963
5138
3783
1203
3630
3357
835
2018
4499
3689
5911
1861
3063
5534
3747
515
3076
5184
-1
824
1515
5081
4655
110
4978
4184
6165
3040
3681
1244
2719
5006
3774
1565
1561
3675
4814
-1
3347
5896
5617
417
5399
4480
1455
3933
5307
665
4746
3712
2981
1899
3844
-1
-1
984
5179
5441
-1
172
4422
3780
-1
864
1099
690
4791
3326
3662
-1
797
2484
4905
142
1686
2713
3730
3866
-1
3788
1890
4001
3759
4224
818
3700
3345
2488
5899
5882
3777
4994
3648
5676
981
1904
5746
1720
827
2983
28
-1
-1
1848
5834
3888
-1
2448
3863
660
5126
1700
2162
2386
5495
2539
5117
2409
1942
849
2179
1066
35
3041
2928
345
4383
3607
3485
3657
-1
6052
3846
29
-1
4108
2966
376
5818
4277
3889
2841
5287
5151
3666
1345
3750
4355
3830
-1
3895
5376
3337
2268
709
3472
2023
3341
1062
503
5730
2513
4427
3883
4124
3806
5647
4968
3775
2718
3905
2435
6101
1662
-1
3936
327
156
2521
2744
2353
1920
2449
4287
5154
3861
6107
5275
4022
-1
3803
3838
5914
5870
4807
3609
3614
3848
4603
2264
523
878
3911
5487
250
-1
3143
3868
13
1273
629
124
1550
3900
1305
1649
5101
3292
407
3921
892
969
1529
3917
1435
2225
3089
3612
2834
3453
3107
63
4118
2754
1002
3743
3956
1738
3873
4659
3944
-1
1913
2927
5924
1364
3938
3135
192
4506
3213
3953
1713
1401
2222
3949
4750
1716
3934
4482
3145
920
2905
3497
2797
3698
4810
269
5426
1277
5794
2809
4430
4472
3506
5475
5590
4018
5482
4871
5492
669
3418
4648
4267
4256
-1
5440
2735
5120
1575
2364
2710
2089
625
2253
2301
4053
4021
4551
3664
-1
830
3779
6144
-1
266
2486
2126
3429
4047
3551
4672
-1
4325
2604
5526
948
-1
4564
3975
5209
-1
3996
3886
1344
-1
5252
882
2368
2251
5130
5172
-1
5034
1056
5642
4754
4275
5135
4490
-1
5841
4586
3696
2512
802
5214
5250
4008
1534
3588
4583
5657
1170
3995
2442
2662
2363
5702
4064
117
5897
4364
3518
2694
4058
3425
1638
1234
21
549
4988
2681
1938
4590
4654
2150
5270
4606
3245
474
4601
2506
2267
1072
2937
4295
5449
5904
-1
1748
1627
4148
4559
1827
3162
5285
3101
3590
4883
496
-1
5488
223
1140
5878
3538
4371
1934
3833
67
2128
-1
4119
2829
4410
973
114
553
3930
4112
59
5455
1340
-1
3862
2999
4485
3482
979
4899
1533
-1
2059
968
38
2689
-1
3252
4146
5325
2421
1430
2032
964
4907
171
4138
-1
4091
1243
2686
2010
1687
4943
5646
-1
707
6061
1945
4588
3158
1287
5465
1157
4449
1706
176
1532
1113
4187
772
4700
2083
1460
4753
4202
6151
4181
6078
5621
4243
4177
1990
4437
3723
2398
1377
4169
4341
3067
4510
3052
4735
3154
1557
3082
-1
2916
4526
2533
759
1384
4175
4500
554
1792
4211
3297
2671
2743
740
4206
3062
4993
411
2714
-1
6164
4690
173
3054
2211
4508
-1
3781
6148
4966
2374
2255
1609
329
645
-1
5408
5771
4826
-1
1088
1643
873
4245
5781
1833
4180
2814
4240
4250
2646
486
2601
4246
2492
-1
5634
3503
5464
3983
3211
4260
-1
4258
1978
4266
1018
999
5764
4262
3982
5559
725
2603
3512
3373
5227
5042
4036
3545
3837
5969
4308
678
4475
5342
5046
2998
1040
435
3881
3677
3335
842
5626
4773
2745
3116
4085
3146
3049
2798
3617
-1
3448
3147
81
4327
1278
5798
5020
4279
5828
4855
1085
5605
1448
3571
2282
-1
460
5799
4326
101
641
4764
5578
-1
4012
4319
4304
-1
5732
1731
1776
-1
2416
147
5773
4505
3148
4625
1280
-1
4188
4959
5993
-1
5900
1675
2041
2805
211
2870
-1
-1
4796
4682
3845
51
4741
5077
4800
5089
3362
316
916
4061
4369
4397
5629
887
4365
4386
4106
2122
4379
3010
-1
371
5934
871
4373
1703
5190
5246
3824
2469
4398
4370
2625
1382
5296
5507
5018
-1
5858
2699
2945
2693
4366
4385
4982
-1
4456
235
2629
3514
3342
532
281
5017
5111
4114
4880
743
317
1130
4621
6073
151
5500
-1
2819
5875
3758
-1
-1
5944
3390
3860
3355
3001
3970
1026
3377
528
5226
3368
3479
4183
3284
2813
2782
4801
1222
4778
4495
685
4469
2480
-1
4164
2465
525
2065
5062
1459
2884
4401
2731
2836
-1
5127
4535
2384
-1
-1
56
2723
949
4479
4446
2016
1484
3971
1769
3354
4281
6082
4494
2674
4468
3741
5458
3957
620
5147
4126
3320
3668
-1
3389
4038
4724
761
2577
4477
4444
822
5197
5302
3706
4203
6023
4561
5556
-1
4336
3947
4578
4222
4518
4190
5750
2614
716
5655
6049
2209
1860
4509
3385
2642
2917
60
4525
2753
4523
4198
-1
3289
185
446
2546
-1
1828
4543
4461
-1
4
975
2965
5678
3044
3651
4534
4575
870
5512
2121
-1
3400
2106
3997
1059
894
5025
5745
5150
3582
4736
4092
4755
4502
4738
5148
4017
4619
2934
-1
3241
1953
4599
5744
-1
4632
1395
4544
-1
4624
4507
5412
179
2127
3253
4050
6070
1045
4041
5728
4159
4592
4073
989
4589
5889
2275
5981
3221
2516
1722
4570
-1
4080
6083
3896
3282
5035
4077
2076
2531
3470
4862
2766
-1
4676
3490
1365
730
749
5472
4565
3155
4415
3361
3296
4577
4338
5431
5128
321
5054
2037
3520
4573
5504
5662
2964
-1
2476
6137
3017
6075
3611
4820
601
2295
2970
1097
865
3981
1855
2638
2161
4701
5891
4074
3720
-1
5364
5391
3937
4933
4727
5173
-1
-1
5104
5210
5028
5607
3568
4687
1060
4010
2794
5248
1958
4613
4695
6002
-1
1897
2851
4354
-1
279
2232
5731
4670
5873
4731
4218
-1
-1
5576
6009
4677
513
2543
3077
2709
4171
4652
2691
2136
2419
234
1694
2628
3317
245
4742
4749
1383
3103
5016
-1
-1
5368
3667
1092
4889
1350
2683
3420
4491
3259
5040
4661
2770
1247
3190
4689
3469
3693
5954
4192
4558
1837
4562
5640
4777
4357
4710
4841
3071
1477
3746
2784
4779
4711
3954
4848
257
4174
4035
4560
5339
2925
623
5185
6003
5288
5769
5409
4322
5624
5581
5050
689
4895
2144
-1
5975
4292
273
2906
675
4740
4443
4748
5589
5480
2563
5468
2478
4802
1522
5454
4813
702
1578
3764
5167
5161
5398
844
4353
5202
4819
1468
4359
4441
4785
5784
1215
4821
2214
3892
5201
4817
3964
5165
-1
4788
3734
1144
6053
4809
1374
4798
4642
4805
1757
5516
-1
128
4235
2848
5059
5193
3202
5501
1497
1895
1516
536
2951
4853
2062
3269
1801
4743
508
2996
4919
5979
577
4924
4751
3321
3257
672
2403
4837
2097
4310
1786
3433
1928
5238
389
3695
4610
4908
598
2750
70
2129
3315
4873
5345
3977
5318
4869
5058
5090
2991
1763
6088
-1
4411
5140
3106
4098
-1
3192
599
801
-1
4720
3074
2885
839
932
2762
4769
3227
3591
4964
4129
4927
5888
4914
2496
3585
3770
5826
4144
4863
3444
2130
377
3161
1825
4902
4928
1871
760
4922
4844
1661
2447
4918
980
4847
108
4930
4900
4915
4991
4926
1457
-1
4660
1282
5129
473
2078
1665
5332
5279
5406
348
4153
-1
1752
1982
4956
3045
2366
2321
4972
5459
2992
2617
337
4947
3066
4970
4342
5181
5310
5577
718
4898
3579
4226
1202
3865
5554
4958
2030
4951
5382
1409
3484
1933
3459
3722
1936
5555
5628
4399
781
5893
955
4996
-1
4070
3495
3397
4929
5005
4213
3789
5002
4986
1732
5437
5846
2889
1138
4995
5460
2891
4992
3729
1889
5195
5347
5481
2793
3407
983
5032
2077
4714
4408
4391
972
4307
1454
5838
1001
1463
4554
1446
5806
4667
5543
5386
5365
5014
5747
4032
4605
3375
5043
5044
1281
4726
3596
4274
5037
5038
2780
4283
3150
5579
634
4767
2044
1645
1669
4629
2320
1559
5346
4874
4828
2369
3160
4453
5254
-1
5076
1323
6089
5290
5571
361
5594
-1
76
5319
5088
5065
4358
6121
2477
3121
3719
5092
-1
5707
1987
5830
2349
5075
4360
4875
161
5082
167
2636
-1
5403
2946
5616
-1
929
3914
1813
5156
4665
2935
2326
-1
5143
3179
1908
4409
2899
5123
6042
-1
5542
3814
530
2286
3987
1650
6126
5113
2201
3659
3808
4460
4627
4935
4029
-1
-1
5945
5223
4037
2514
2460
3699
1022
4881
32
3309
5108
-1
3388
987
4484
4563
1858
4556
3841
5946
2440
3882
5636
5103
3294
247
2990
54
4793
2849
5200
1279
4811
1452
4792
1119
647
5240
-1
4030
4662
5176
-1
5174
3256
2231
3754
6050
4960
6007
6010
3715
4759
6005
5308
5763
5198
4381
3606
3613
4829
3334
5008
2017
4497
5189
3653
5163
4808
4797
2278
197
5519
1388
600
5387
4019
4666
-1
3194
495
4045
5218
-1
785
5215
3550
3395
2443
5224
5134
5222
1035
4434
4273
5539
650
3463
5417
1453
517
5456
5741
-1
2612
4859
1176
5170
3172
1294
2821
5383
5321
4382
5648
4674
3080
4046
3468
4025
5284
5063
3072
2765
3471
636
5260
5259
1959
3452
-1
-1
2052
2042
2088
6093
6059
4076
-1
-1
2104
3111
3885
-1
5400
874
4940
5303
5330
2986
104
5253
4095
1094
3840
4761
649
5068
102
1739
664
923
1013
4389
2952
1911
5352
421
5322
4498
5280
5311
1204
2343
3744
5187
640
4961
5304
717
2340
3679
2212
2650
1327
4872
5074
3618
5245
5301
5328
5511
4139
1416
-1
5323
5381
5281
2456
4939
2371
2066
-1
651
5925
5397
4756
3134
5610
4282
5546
3083
4870
5057
5009
602
5808
1431
965
5299
5705
2125
1437
5538
2562
222
812
3035
1719
5525
5424
4657
5031
5544
-1
4717
1055
5372
-1
5370
1704
1351
2466
3849
5952
5850
5477
2367
5329
4973
5244
5389
5586
5030
5208
-1
5384
3554
4658
5585
5541
5471
5572
5418
5338
4794
3740
5277
1090
5404
5096
5402
2679
4941
5680
4233
4763
360
-1
4579
5428
2277
745
5423
5231
5396
1265
939
3462
846
5416
5363
5614
3966
5429
5413
5427
5560
4626
193
5569
845
5600
5778
4998
767
3526
3985
3755
1604
-1
2293
5450
2354
1160
3410
4086
5445
5714
-1
2860
4787
4121
5234
3051
4481
4952
5003
3187
5550
-1
4255
4162
236
3305
4783
5494
813
5394
4618
5483
2802
3973
5811
5379
5522
3608
4781
5010
3976
5473
-1
150
5491
3901
4101
3196
126
5486
3978
443
5469
3812
-1
2880
3126
2665
4418
4831
3610
5520
4633
3529
974
4390
5813
5824
5515
5324
4546
5704
1418
5510
4823
2912
1681
5205
5503
1556
5478
6065
847
5362
4014
1276
966
5810
2315
478
783
5552
3711
2712
1142
1338
5356
5228
5545
5393
5116
5029
5366
5540
5343
676
-1
1724
5462
5677
5533
3065
4969
4980
4503
507
1856
4268
5430
5615
3129
2249
2071
3079
2581
3510
5575
5433
3461
5069
5395
5611
133
5568
4693
4962
4323
5048
5597
4766
5591
3504
5593
5392
5385
5588
5587
4780
3974
5582
5599
5584
5071
3553
-1
5580
103
5592
5435
5608
3034
3133
901
4312
2219
4668
5601
957
5341
5573
2223
270
5425
5561
5098
3738
5683
1994
459
4179
5780
817
4765
2560
4291
1337
4981
4367
5866
5956
-1
6024
4253
3156
5155
2663
9
-1
4739
2193
4034
3406
-1
2028
4154
3864
5247
2993
1702
1573
1177
5667
2073
4514
3255
4051
3102
-1
378
3531
4634
868
2215
2036
1214
5653
375
5968
3547
5721
3446
2828
3530
1844
3791
5551
4540
-1
5407
2692
2029
5618
6066
1558
215
160
2153
2383
5894
-1
5759
2555
2598
-1
2361
1315
3248
-1
3250
5718
4057
3428
5513
5353
1586
5084
5845
1179
189
-1
6135
3222
5451
1161
3311
1910
5701
2124
2049
5671
2237
5852
1217
771
1324
77
4587
1284
3858
4686
4329
5871
5772
-1
2185
2391
3057
216
333
5235
2586
6054
4571
4555
3794
5033
-1
3384
4511
121
-1
1538
2630
2380
1421
6035
3330
5692
3415
2746
5767
5188
4265
3117
1854
5762
1366
4762
5927
4234
5734
4335
2336
-1
3387
5895
5436
-1
5622
4241
3474
533
4803
5793
2861
1292
85
6069
1070
3593
1027
5785
3968
2781
5839
502
4306
4318
2695
1741
2397
2676
1451
1952
5027
2288
5349
5848
5529
5476
-1
5508
5819
5822
1850
5827
3836
5814
-1
2120
5815
309
5509
1587
4906
5817
4309
2949
5086
1584
5919
5883
3802
-1
1021
2462
5022
5796
-1
4040
5991
2904
-1
5708
4999
469
5809
858
5378
5986
5723
5964
1863
6141
-1
584
4393
3346
429
3188
2817
5874
5971
2400
5630
373
-1
2840
3891
5733
-1
4688
5863
4421
3271
3027
4104
-1
-1
1696
3787
5833
1543
2070
1670
5901
4901
4593
2056
4653
-1
4984
5690
5777
3737
4060
5917
3786
4345
5887
2142
-1
4087
5973
2519
6129
782
5965
2700
3708
1729
5957
3890
5918
1765
5898
5915
5832
-1
2796
1290
206
3942
5337
2850
5770
506
2593
1893
6020
899
5936
4377
5941
5933
2348
1086
3288
3009
5935
2156
232
4425
5133
5152
-1
-1
3088
3437
2613
5377
809
4734
637
5631
5913
5970
1789
-1
84
3595
6117
5853
5909
2963
372
5669
4278
5958
5864
5990
5905
1545
4772
2399
2678
762
4845
3583
4595
1826
6060
6143
1693
5851
2296
1330
6130
5972
5842
2717
4343
120
-1
-1
2988
291
928
-1
100
4678
4760
3509
5186
6013
5182
-1
4694
5183
6017
209
6006
2893
6016
6015
6011
3489
-1
5931
1925
1386
4501
5633
3183
2732
-1
3533
475
3142
-1
2778
277
3561
5757
3295
2022
293
3340
-1
6044
5114
2940
6041
1555
1412
-1
6157
4515
5180
-1
3829
4816
5743
3164
-1
1180
2426
5269
5983
4157
3398
1472
477
5523
5684
-1
6131
5789
4584
278
-1
4416
249
4640
457
1049
4178
1608
230
774
4476
4602
6118
1423
6134
-1
4878
5067
6120
-1
-1
5268
1619
3244
542
1326
386
3366
2317
3870
340
872
2241
3275
258
3884
6125
3137
2221
2005
3523
2549
1105
2913
3411
5963
6084
-1
6090
5078
246
6138
3038
6108
5122
2734
6154
5907
5989
6068
-1
3348
6086
5712
-1
4638
6123
1712
3171
5855
1184
5984
4002
3658
2132
2202
4225
3204
3043
4176
2218
2659
6128
276
-1
6048
2075
3508
3110
788
1301
3272
4217
3724
2373
3646
