660
0.0176886805928150
0.0641114160758829 0.6203748328672719 0.7729119203466356
0.0178574346876236
0.1797669208074880 0.6126308641004793 0.7606584622715545
0.0193073846737657
0.2411429173382582 0.6792441383317422 0.6823533146415832
0.0197346260932540
0.1776683495590519 0.7587911367665735 0.6143876701669337
0.0187643720620844
0.0021731158433285 0.5394911667646837 0.8333647686841629
0.0187283784052652
-0.0014877432398028 0.6952472376258894 0.7086655552873559
0.0194741675249645
0.0561158487513245 0.7657305880526172 0.6288983876672948
0.0192522086319732
0.2422162220739675 0.5225554981961587 0.8083580025748655
0.0196502688277062
0.0615540571278215 0.4465223509681768 0.8841338082718274
0.0196679944142126
0.1833192736466225 0.4364330277073334 0.8722191496872918
0.0189452760176508
0.3575032192030494 0.4975358623060832 0.7810666618775572
0.0190655293713458
0.3565713330707422 0.6602967540458461 0.6497592480364666
0.0190789713081070
0.4147416223075837 0.5674297426059947 0.7009453586078706
0.0190742692986548
0.2312872935039479 0.8135752517077314 0.5195357822029461
0.0186454588209913
-0.1173447619153491 0.5328889806948588 0.8294008445151588
0.0190438207834020
0.4101161018710154 0.7133987566507368 0.5551587521073030
0.0191119111873899
0.3462846941984907 0.7916226240063265 0.4885720931286956
0.0186343278046223
0.4090500677679627 0.3942999924900367 0.8141628330484805
0.0183309942801842
-0.1205245356005441 0.6920677533826665 0.7017146899244235
0.0182695892675206
-0.1795792532745002 0.6095890049976275 0.7629450002558558
0.0189006228652501
0.1634454547423706 0.8744832170152276 0.4404694692478974
0.0189327641577997
0.2358240746276649 0.3318368972097152 0.9053683685755964
0.0186357419062038
0.3501340883571100 0.3102905328664974 0.8756535039847417
0.0186928164390612
-0.1759729677677287 0.4382327683635491 0.8732667570317676
0.0185236593937255
-0.0081969477525493 0.8279274662688243 0.5479119005944357
0.0184109291131689
0.0449872425869028 0.8810197945721288 0.4556373573906811
0.0186243174055912
0.0043244373159122 0.3495955290290954 0.9292059921617601
0.0187272480978266
-0.1151696995738329 0.3476542690166836 0.9227431130231384
0.0185490021626447
0.2122137953175304 0.9095522296123169 0.3367505765097597
0.0184351145460631
-0.2919417300232467 0.4249140152232126 0.8485436364102950
0.0179946541981266
0.5137142289449126 0.3619106427505921 0.7689366104612596
0.0185370589949893
0.5207166517090827 0.5328366970874842 0.6562542186625089
0.0179767981287797
0.5687122697270026 0.4304033647383528 0.6909974018138760
0.0182281485097758
0.1402990165132543 0.9502899034331243 0.2514586516970714
0.0180646996397550
-0.2942004880693180 0.5947393282978181 0.7387948651712618
0.0181079466171718
-0.3523618708042996 0.5015193068504825 0.7812617751354843
0.0181144798026096
-0.3448636647194596 0.3220408403099668 0.8737340542311144
0.0180484380995201
0.3935890242832360 0.2007527840206548 0.8893192336954089
0.0178152587453956
0.0240388629671795 0.9559991187952036 0.2679016607632161
0.0177929192588866
-0.0236390465378147 0.9217481021288518 0.3689475633980461
0.0185306552501332
0.5717767604011135 0.5854671362521611 0.5621597797588085
0.0187701548303565
0.5160373250409686 0.6775457723939294 0.5100801838586332
0.0178212377581847
-0.1259762563823340 0.8201457002272310 0.5456816890799018
0.0177105513791958
-0.1826048990506655 0.7524017595190058 0.6220192310183967
0.0191435592093936
0.3954715975385741 0.8258675881831369 0.3831376016592129
0.0189554293080665
0.3257696435666487 0.8865734297483668 0.3053713945480789
0.0181792584819605
-0.1706606689385920 0.2452406692231044 0.9469616856184394
0.0177780141822665
-0.2848780118326556 0.2336780436844718 0.9222526636847930
0.0185211214376656
0.0592546398336579 0.2480416018802534 0.9595297928057108
0.0184283956526993
0.1771561320050649 0.2361295346199364 0.9479745519522818
0.0175200880547637
0.5550631989726215 0.2537834713417558 0.7835872407666643
0.0177237322143042
0.4970677186339298 0.1718996014069475 0.8424469299267002
0.0179904713670345
-0.4526757978615265 0.3035222077983807 0.8301247429330335
0.0182611564378091
0.1838334487843326 0.9653218148462244 0.1424831066709896
0.0170260596605601
0.6596971818830888 0.3867726431890702 0.6341125552639125
0.0180181257123138
0.3337953993054801 0.1070631716363029 0.9290974334248884
0.0180641400187976
0.2219911845830892 0.1271499911889385 0.9594920301743088
0.0177121827040249
-0.4593281406598633 0.4813467537506363 0.7373387458051622
0.0179252108439183
-0.5110875974679424 0.3795955190612056 0.7621566494807656
0.0177466781180774
0.1099638086755987 0.9855947069797204 0.0533451832090072
0.0178038037557999
-0.4970222108748262 0.1953109942694965 0.8373249845884623
0.0165318009371971
-0.1380372204946593 0.9116865722633249 0.3701798671961678
0.0166766530183500
-0.1879680963713878 0.8614398996963257 0.4579787831521900
0.0173601857696588
0.6636802916892842 0.5382537366942060 0.5064038842612768
0.0168323244969916
0.7061399521865874 0.4387717306168650 0.5439468350243054
0.0188502466016808
0.5011337311187118 0.7877602241545839 0.3372878433726261
0.0186877165183843
0.5632928992718356 0.7104176974761466 0.4044666004505458
0.0174252765699279
-0.3304309037493998 0.1268808550168474 0.9280619442952797
0.0174864499064955
-0.4364855937084652 0.1085071999790973 0.8855743727797019
0.0173092385952558
0.0024344852226318 0.1477304132454451 0.9822593915489425
0.0173149150460604
-0.1125584465044744 0.1481876233876794 0.9757220988184111
0.0164342209756968
0.5319562174782292 0.0631237546182054 0.8368902627575587
0.0167626322117876
-0.2942833270695283 0.7343578134177889 0.6010016329414952
0.0169270659659354
-0.3522605466415213 0.6552578963230726 0.6584110574423835
0.0186192991829589
0.3705579220487408 0.9003186148954255 0.1943259465059302
0.0185443429842026
0.2959710338754622 0.9411980177865187 0.1106865928236390
0.0163409214096166
0.6447620213586176 0.2145071511696736 0.7250370260087017
0.0161429330350446
0.6956573723908618 0.2812525683905056 0.6515524758663285
0.0172792617332851
-0.0041705250340346 0.9906494394359029 0.0727368593540351
0.0172391925061007
-0.0470717450686768 0.9760366449332797 0.1785050228531455
0.0169039172362328
0.3677735656563198 -0.0037698078663580 0.9228769045040260
0.0169927488527365
0.4694490327571478 -0.0232068151866284 0.8752067571046847
0.0169024883721492
0.1468910970559688 0.9809708060570461 -0.0557367582573338
0.0161833486734614
0.6195723713614070 0.0276007024476563 0.7764493359853888
0.0163912816977747
0.6754391695556413 0.1068851075257970 0.7209103905997821
0.0173599484873016
0.1642545038683708 0.0264751714989275 0.9792420867338605
0.0173995342744025
0.0505704443777696 0.0432983490597062 0.9910302559111271
0.0168764589965445
-0.5932681350798700 0.1719990538816503 0.7781098312139973
0.0166822460757949
-0.6245491046164722 0.0631846287444264 0.7701325792424768
0.0156194794805690
-0.2960362074589635 0.8398324689113604 0.4415903310543189
0.0157906464891950
-0.3495479026372578 0.7761423514901729 0.5130796745205114
0.0155052068291568
0.7801989357397853 0.3831200061757369 0.4822554976098949
0.0178205835820158
0.6552986747884517 0.6595576347938736 0.3490451576100467
0.0172411949396851
0.7055410587231802 0.5707768605286335 0.4038821018826628
0.0165268648326868
-0.4715190502320200 0.0002867536525136 0.8746105726025174
0.0164070121879594
-0.5655533075766479 -0.0207388424740402 0.8167536691444648
0.0167077471420789
-0.1619262245504792 0.0452183210408579 0.9792157298579336
0.0166837851975137
-0.2717311480468461 0.0321638826426318 0.9551273294062431
0.0165309347764485
0.0716024645627418 0.9810483440446112 -0.1403238295696540
0.0182863208736111
0.5428850085414273 0.8001869590994659 0.2255354788909397
0.0182958741039598
0.4739202179200801 0.8595232036286875 0.1500046376189534
0.0166164171029452
-0.4552719416289121 0.6320176597835822 0.6168080524150924
0.0170303135662474
-0.5136834522479274 0.5424507296487956 0.6547816435577606
0.0178887436080633
0.1961214016574946 -0.0856827974532270 0.9696806395896229
0.0181104365922393
0.3072770181359070 -0.1022000670249367 0.9386516746352049
0.0161155876129465
-0.0755253702394456 0.9907873793963444 -0.0150799806318219
0.0160870110702267
-0.0382304448630600 0.9858161118227580 -0.1196414414655669
0.0173124328108856
-0.6074459132295535 0.3562502936313807 0.7005336339509833
0.0173701656581725
-0.6468155984982638 0.2484400149828724 0.7117002219539302
0.0172490736076748
0.2551614914045853 0.9563637897308803 -0.0835026440930311
0.0175246323073383
0.3331952955023916 0.9356727081418851 -0.0009659769446295
0.0137248345304065
0.4971454222064319 -0.1252568933901356 0.8523675667045391
0.0155584469197350
0.7689698234138115 0.2319074804021053 0.5855919564213603
0.0147005924122024
0.8119767304032754 0.2814633622911443 0.5001136802911569
0.0163638892808341
-0.1599111921061429 0.9633518617441345 0.1837719700496101
0.0159521287322892
-0.2027949491298937 0.9313214700703066 0.2814612529630455
0.0158325772817835
0.6451470801599100 -0.0779898598467206 0.7519805571289249
0.0143643005105571
0.5786927560623363 -0.1502608628590070 0.7945812784226466
0.0138282259437358
0.7481225055865649 0.0656069380264889 0.6521568567694260
0.0133973189079936
0.7931708055314340 0.1288972506041645 0.5864379548088930
0.0159908767175764
0.0995416908335637 0.9577145970885362 -0.2460776158992724
0.0142832461463206
-0.0048374788652043 -0.0525555709991324 0.9930484540219944
0.0139991354644509
-0.1082412612728599 -0.0489686044078111 0.9874504418085108
0.0150116255158297
0.4411442391255248 -0.2119422505510332 0.8652950842333322
0.0181433664526398
0.3380164079634159 -0.2137136605594744 0.9088937062652612
0.0154390604613959
0.8159007342533667 0.4172561312507319 0.3850960883676259
0.0158400830532308
0.7800864282614977 0.5116367974242888 0.3427684682751598
0.0160679255980548
-0.7060716993407913 0.0352509354247238 0.6984605101597355
0.0161635769482604
0.2052633613351008 0.9340084929364337 -0.2702692181181638
0.0163025237822444
0.2836938637022529 0.9330289980187010 -0.1908517955738950
0.0133876679383025
-0.4463360255164400 0.7494011845562617 0.4783626230849478
0.0141635564162944
-0.5001603669191225 0.6780187645978306 0.5283874126889659
0.0138369373097694
-0.3067457896257387 0.9054953705385319 0.2744023130388147
0.0132770303160764
-0.3513715914875188 0.8607675715960875 0.3540659459115448
0.0176260391332176
0.6934456031561236 0.6698530842742988 0.2383090214449956
0.0180946739265205
0.6337245537568484 0.7448989313381011 0.1718750811899874
0.0160443960115928
-0.5884181285037214 -0.1267993774790954 0.7907812378002078
0.0166405123585710
-0.4093030369453888 -0.0901573616856823 0.9008366352091356
0.0163138002254488
-0.3062327304361269 -0.0744503626515891 0.9423815102431214
0.0152141359074236
0.0216070862251349 -0.1538160296700879 0.9817583958508116
0.0188436195642744
0.1287448098698952 -0.1859733520140940 0.9665828002701762
0.0181339070145161
0.5083230158372649 0.8522236733760720 0.0363911352669127
0.0175601272093411
0.4331387380434020 0.8927181558435860 -0.0431752227008064
0.0169514977408584
-0.6065926783244397 0.5202230550174863 0.5901238846319256
0.0179375299161377
-0.6565065738601995 0.4196723329626185 0.6156295767070769
0.0158149551476755
-0.1099420056977809 0.9669822973372241 -0.2016957403215602
0.0163019829636826
-0.7293599789220231 0.2210640492945535 0.6376527786055834
0.0162717483958360
-0.7557382029390798 0.1124036928711468 0.6353698449335466
0.0162372911908952
-0.1852646697909668 0.9762977681010756 -0.0026381588119251
0.0155921478183030
-0.2296548277679094 0.9621475021079074 0.0974440033039462
0.0124096274498521
0.8712757716561620 0.3544874033753607 0.3250084369501391
0.0144281782992739
0.8675048834737056 0.2219360454423386 0.4324752192393249
0.0125615174356799
0.8961415091953864 0.2621467888479014 0.3440866216345714
0.0145344581812966
0.5764569349918145 -0.2516686561364373 0.7701102497536810
0.0151311364743472
0.4894883149463311 -0.2915847214484776 0.8145936182531702
0.0191129439263475
0.7204136313840714 -0.1161691410598040 0.6727946735452491
0.0156427340806552
0.7749767768825236 -0.0312678830905881 0.6212778415377911
0.0154432945951706
-0.7287121766865373 -0.0691884718968632 0.6725259253570871
0.0162287903707963
-0.6698048056406196 -0.1501746581819046 0.7185510290400092
0.0157928819245428
0.0296313433304982 0.9372053986262544 -0.3294955999705410
0.0167361211838847
-0.0793662589918973 0.9417747681088757 -0.3063712456583539
0.0234389492831571
0.2721082449641403 -0.3199295087168713 0.8973844717763464
0.0230949824276151
0.1450936371580708 -0.3074691424843897 0.9307975927379241
0.0139550126419078
-0.2141265610597278 0.9540591468359267 -0.1820217343745713
0.0139371532823466
-0.2511709323385578 0.9585234060081913 -0.0859195974829085
0.0179847859653545
0.6444190055131066 -0.2972753350053430 0.6946192487089085
0.0195654375450537
0.7256555302086585 -0.2317238163306096 0.6360958666798419
0.0136274078491237
0.8451443784729771 0.0734856506244967 0.5193378214545694
0.0151117800558480
0.8871434425912650 0.1157523684635518 0.4334774654238136
0.0157315917605962
0.8132362044602354 0.5197661203750708 0.2372213984702636
0.0169882800881048
0.7684471613227929 0.6036292605677013 0.1788902978641763
0.0124872934647380
0.8981358710795068 0.3604917242120946 0.2314690210239024
0.0154571999787317
0.8703657990161208 0.4451217323559025 0.1800065490756383
0.0192230900309716
0.4461278194633362 -0.3949971546658952 0.7938187719344798
0.0144413220709024
-0.5245467121183703 -0.2096428886959413 0.8183845683709897
0.0145976696104752
-0.4358353571980360 -0.1929063427854355 0.8726841910166692
0.0145822432401391
-0.1400657742912645 -0.1470087448630956 0.9733171645091498
0.0168402688231957
-0.2436137278605629 -0.1692194670571174 0.9481572787472990
0.0158018160125987
-0.4956942568972761 0.7688575198007319 0.3880514050963539
0.0153326704490325
-0.4445392586921258 0.8300187666889483 0.3181180758536051
0.0139881828705592
-0.3720302091753010 0.9015250509780404 0.1946991684361982
0.0160109063408421
-0.3355295083107193 0.9301915930498792 0.0989444302664583
0.0143684044454798
-0.1515720151013480 0.9063831834501076 -0.3800005457472742
0.0155529224192889
-0.0622893070122924 -0.2197125935996729 0.9673565152557555
0.0177702789773277
0.5972816890509188 0.7932497684436479 -0.0162352266520517
0.0176656843517615
0.6652770720481926 0.7351158373720060 0.0578187576810568
0.0176775176393265
-0.6446561511204973 0.5723863799062232 0.4930620994571551
0.0146234559769872
-0.5819110305906938 0.6582630627745564 0.4653083481085560
0.0160043642865059
-0.2898764820977777 0.9178700804472687 -0.2467781733220571
0.0174591813011033
-0.2559026791699152 0.8934151505123277 -0.3502815000111433
0.0171107065121374
0.4594487438989635 0.8672594581791878 -0.1534876891858555
0.0163681412925967
0.3793630511009766 0.8890280592539254 -0.2303050879628087
0.0238043298210564
0.3281340635444752 -0.4225047077292073 0.8338634953127260
0.0132660117412915
-0.8201861536642504 0.0809728656044116 0.5571910666448412
0.0181670471664852
0.6145484149567897 -0.4076179904688678 0.6649558932571165
0.0174436057551695
-0.7392529285679307 0.3911508236807276 0.5357567124581017
0.0167993814852320
-0.7736136617961555 0.2835814367650126 0.5550712702785170
0.0159021945600892
0.8379251046897322 -0.0303946842185455 0.5334211606437766
0.0127008504664708
0.9339866359179679 0.2144796525414121 0.2679563454093318
0.0189659957730099
0.5172765285090438 -0.4547293675872099 0.7148106299048819
0.0125555830533838
0.9351339104256817 0.2789485657530499 0.1947769389212868
0.0138212629475726
-0.8398207528379793 -0.0151188209778577 0.5326249403166865
0.0162820713614986
-0.7951706464967556 -0.0946103881999510 0.5883763319628318
0.0139762813462694
-0.6800854448439925 -0.2503797215721549 0.6811724096398298
0.0130561430810159
0.2259261606122385 0.8968180814888869 -0.3668408594965417
0.0163080331207065
0.0573835468992281 0.8946274147789340 -0.4286780023957871
0.0136790136106691
0.1615054903748304 0.8766136334833481 -0.4413162030810259
0.0171070793428595
-0.5287047351279436 -0.3117387779392546 0.7809272317953814
0.0175086035902684
-0.6128844608536095 -0.3309727188686667 0.7078800530864883
0.0182533784218307
-0.1262863157428712 0.8612026058371383 -0.4776167197500715
0.0198479109174605
-0.0124079002854301 0.8496177588355258 -0.5124521116417835
0.0156660438832765
0.8954174414599569 0.4251618186182047 0.0727633125070097
0.0210621873064555
-0.0753022755424657 -0.3311912886223077 0.9318602944517155
0.0145590270464618
-0.3502096533779032 0.9266801011911522 -0.0854227076731824
0.0170198257633384
-0.4014820033233704 0.9086268302757929 0.0096464945212420
0.0160583837403903
0.9571790019363033 0.2491208655369385 0.0968170145438546
0.0135759368310796
-0.8582595889554900 0.1381279545765018 0.4834806966990770
0.0163996670601154
-0.8399101417594311 0.2426686877102235 0.4722665148851679
0.0184261789536880
0.6754452213770938 -0.4499711921887626 0.5719295270506241
0.0202285471509173
0.7866751094560501 -0.2757683366995377 0.5380642119949179
0.0182284063939733
0.7571066188004033 -0.3902613918626506 0.5103356290596558
0.0158759609606643
0.9529354165631434 0.1122829109052369 0.2590060946209312
0.0157436723106126
0.9279027052126635 0.0575021550309898 0.3514779559739571
0.0195352973592677
0.4737428456409241 -0.5583607476442164 0.6698537469702254
0.0132272161877277
0.3116534257894437 0.8566563431981277 -0.3983563791218704
0.0157245232979695
0.3936701710644548 0.8495671666320859 -0.3333694305161148
0.0156163181899258
-0.7443233669943835 -0.2724998236873201 0.5997018703534798
0.0172077110284529
-0.8074358903357227 -0.1986491069015221 0.5434459283846380
0.0160619290739677
-0.3790008217029469 -0.2848293043294977 0.8733052853009965
0.0188209660276722
-0.2718478732768199 -0.2776433592318241 0.9134898040538187
0.0260139524522420
0.0413085066383799 -0.3924597016885211 0.9078016420428969
0.0247992085903664
0.2724942816052345 -0.5368349113618562 0.7863685407835820
0.0200071613053596
0.8793766921884982 -0.0992370532633773 0.4486176676449813
0.0170050214495301
0.9281377118822061 -0.0544565860346888 0.3499997465518442
0.0204280728195565
0.8561838160635619 -0.2204471818186169 0.4499728166152021
0.0164597648953706
0.7961745161224093 0.5905687448999352 0.0675764317391933
0.0172354860304218
0.7391930969615103 0.6635258457606076 0.0022496180834372
0.0164958343430729
0.8530686404130186 0.5092441945018708 0.0133669107574647
0.0157157868087713
0.9357551181957339 0.3337665026337369 0.0283901276340635
0.0210559650204117
0.3598043246343277 -0.5965245895243180 0.7060119952228574
0.0164864179644093
-0.5868846580637098 0.7106883057026061 0.3709893847748428
0.0168204804124307
0.9806115702276735 0.1424686400161038 0.0715454225579897
0.0180247982946706
-0.3087471084661825 0.8372985309237421 -0.4352875675420694
0.0167571161825316
0.5436972791374634 0.8059859082100134 -0.2044499377728703
0.0172038337830925
0.6184068844263709 0.7667256935312777 -0.1280856742261232
0.0158261068366163
-0.4630836026410661 0.8526001231583570 0.2150288890590314
0.0141341077428876
-0.9013586937346598 0.0785734678535030 0.4127471720063760
0.0183121408765138
0.6359526047236107 -0.5520217409048453 0.5260539508874524
0.0170424135595593
0.9782516683521592 0.0691417714257752 0.1584219029490603
0.0140470655035857
0.2045192689413229 0.8241822859163684 -0.5176724517469176
0.0135748308685321
0.3013923562454869 0.8127610011125621 -0.4878604721346746
0.0142626770741736
-0.8899856383060382 -0.0193741437187627 0.4432134403333548
0.0211690441118516
-0.1916087228675064 -0.3706924898177978 0.8997501353889128
0.0190577190310259
-0.4329663413612341 -0.3655534856185776 0.8147211001281535
0.0170017587305175
-0.3794868440523807 0.8989099208007535 -0.1857802683511868
0.0189297955310718
0.5392077231102717 -0.6017163824514152 0.5767139407031276
0.0185146988841175
-0.2275487776694537 0.8174829181943450 -0.5150622681726652
0.0161439003421549
-0.7235884300383052 -0.3754519137688646 0.5682300522823185
0.0185951636775454
-0.7227076809507389 0.5477772807200929 0.4040065698036484
0.0188277256746977
-0.7734495067000969 0.4439525710525494 0.4359854548577590
0.0185387287518749
-0.6410207539453698 -0.4144866080898905 0.6344366517420700
0.0292480132146784
0.0170339974359816 -0.5203012881823731 0.8404066624180315
0.0280032212171661
0.1392282832778366 -0.5833026537879461 0.7865047792543136
0.0176818077511820
0.3210738720313447 -0.6892264514271162 0.6387853085753163
0.0186128025293658
-0.5049194289252784 0.8546951441125106 0.0143225700803429
0.0179799269406133
0.1598123062432845 0.7718510198607322 -0.6040291472992605
0.0217496113902096
0.0370380202678643 0.7833818661073676 -0.6066969988875834
0.0225104827356149
-0.4242506854697412 0.7908852005982548 -0.4209153152703951
0.0187013092090656
0.9863206265225204 0.1060525996132798 -0.0390882927494913
0.0220600103999100
-0.2371446152470412 0.7422237818322107 -0.6130079202953305
0.0171550773499569
-0.9347461360692811 0.1152947561733980 0.3158122958105375
0.0185872523044839
0.6847982062690002 -0.5820369082320047 0.4218442527315710
0.0186253333573725
0.9808482604132618 -0.0470428523733448 0.1462333557842692
0.0209816775041821
-0.9095132479931857 -0.1128714871048297 0.3792515542983446
0.0168130989532014
0.3695274782505414 0.7476438474467022 -0.5399362524864967
0.0220232024013532
-0.6545488072437169 0.6931072827409345 0.2724022237189713
0.0212142939426382
-0.8632747084112433 -0.2152151041493625 0.4380717339703545
0.0200667868299388
-0.7745989061431181 -0.4088010674963923 0.4662260149324580
0.0223641320301589
-0.4858071395202889 0.8410750538325018 -0.1980433154520100
0.0203113203209803
-0.5524863008608268 0.8188499859862481 -0.0924096969684829
0.0232197942254719
-0.5076257880688285 0.7893302847417534 -0.3183214477760202
0.0172174416907997
0.9439267991569893 0.2988850000940897 -0.0799003013234696
0.0268997652538196
-0.2341413556502492 -0.4803924308050611 0.8327230387618388
0.0301899116033486
-0.1189463092969371 -0.5668198742180496 0.8006914673085511
0.0211840091831235
-0.5378107168292846 0.8232938946870452 0.1285925326942375
0.0235067882025495
-0.5762040321535010 -0.5201575140304434 0.6158210111111904
0.0289735286533067
-0.3699722886544606 -0.4786043922963528 0.7820349679281995
0.0192025767789469
0.4908816810351997 -0.6930191432917155 0.5137721415125479
0.0167053017469730
0.3862165458448982 -0.7287405873239150 0.5539484156219477
0.0171410564277027
-0.8725177386617989 0.2912773710436858 0.3750358428336910
0.0170073749905663
-0.9213312399717782 0.2268526990532988 0.2942417593025042
0.0183201113758145
-0.8406777594920499 0.3998307893347736 0.3453581759899994
0.0152975483333316
0.7976508134358610 -0.4275168312986670 0.4112526755151566
0.0152347043879397
0.7634421766555729 -0.5197068890231642 0.3677613541295609
0.0157920381596028
0.4714211918392792 0.7863551486073749 -0.3836030948057311
0.0166724819342675
0.5529337046727278 0.7649579767083086 -0.3101849975014364
0.0164052233765340
0.6898949458432103 0.6921781422341219 -0.1795915014902216
0.0164022439077704
0.7556134919137328 0.6360522780334249 -0.1086584415279928
0.0298729826402330
-0.4544728795893294 -0.5540248371552493 0.6806239291381161
0.0247085212664896
0.1083735868532633 -0.6921600236728814 0.7001046106748541
0.0189496608045217
0.2122107486399045 -0.7320876331809580 0.6358034595478653
0.0235692779213466
-0.0144176557576059 0.7032451528195313 -0.6978234198117732
0.0227985238525238
-0.1477488837667777 0.6923982104152507 -0.6936083031834865
0.0194981403336119
-0.4429551024523649 0.7173434931464971 -0.5235486359521925
0.0189202500083390
0.9553440589757436 -0.1063057248179613 0.2477692362316179
0.0189908438890109
0.9360817002446361 -0.2247988948712634 0.2419466488559497
0.0176231888609538
0.9672248295123150 0.1924541114475300 -0.1176284660956760
0.0189926172608502
-0.3571161722255566 0.6995351243035951 -0.6069929043860197
0.0178147350085351
-0.9642135085028741 0.0376085496821795 0.2348685966043378
0.0157492415147763
0.4642738141472982 0.7356966142020626 -0.4806522658659019
0.0200444662643904
0.9871710571956641 -0.0942547287064597 0.0341865017655501
0.0209935087781486
-0.7232674276248988 -0.5204545677720982 0.4356383037286041
0.0172564099615682
0.3387835173574397 0.6874048187372320 -0.6319846579119472
0.0161370096784952
0.8662236293214772 0.4773911589214033 -0.0962460552120709
0.0161633866170974
0.8111124558880805 0.5518611947888193 -0.1582658204587634
0.0162955151835789
0.9048796983283188 0.3844681363196699 -0.1440687437056328
0.0199799212900423
-0.7352911553651441 0.5978255006441051 0.2940888809505178
0.0230434200507308
-0.8464735207627564 -0.3344491875773756 0.3920305029815950
0.0189868930638972
0.6402262510882294 -0.6708237500732217 0.3542148218750972
0.0196537112679822
0.5430873916891124 -0.7236937418617555 0.4076243358917138
0.0203480748703420
0.9901433151007097 -0.0142618706353313 -0.0609479990642578
0.0183759780693554
0.8910479652167459 -0.2715357519541375 0.3436879494686965
0.0184786025165801
0.2279392987046913 0.6990199333832605 -0.6671990452025417
0.0154923176125534
0.8558131140793539 -0.3785704476621696 0.3348634834293969
0.0233742051159383
-0.6379981551412734 0.7430478105901289 0.1510784823247910
0.0209272321034249
-0.6325150131567034 -0.5715623310473334 0.5069696421894783
0.0219247367051159
-0.9524174296786804 -0.0813123473464364 0.2630614804304054
0.0205702042002353
0.1859590632699201 0.6206295440422982 -0.7512571215317690
0.0208997723749305
0.0607145647620008 0.6244141214393069 -0.7683154537186989
0.0200719844165551
0.9431062646228786 -0.2786951324376712 0.1319134521416178
0.0178613926744130
0.4072917769390405 0.6039896646436315 -0.6749508051323615
0.0211864381703845
-0.7609036136912701 -0.5516495113337366 0.3168016891345191
0.0184762683438518
-0.9805775536959742 0.0872291040315818 0.1288766910339098
0.0170692821836684
0.5298321187637594 0.6551485502481204 -0.5262147795616282
0.0171747845532618
0.5072626231484453 0.5899206918652454 -0.6176113087436510
0.0215178175712920
0.9670523766099528 -0.2183394448994058 0.0237328425826662
0.0234371965869547
-0.9651341713638911 -0.1586137350800828 0.1585450272102453
0.0156190596085045
0.8612862219854355 -0.4333742820700586 0.2414059929682373
0.0205887257434786
0.8994229631029678 -0.3953244974881628 0.1373849254285143
0.0243270991217972
-0.3886438555463037 -0.6654874726075507 0.6219255887430153
0.0158924346946034
0.8025464515596449 -0.5216901850869592 0.2669510136118814
0.0198691562211161
-0.5470513305756151 0.6508502184169432 -0.5116928189314843
0.0241985810802985
-0.8819754030788745 -0.3645848350319080 0.2655298541045018
0.0206559022661443
-0.8327735029603288 -0.4834459819675009 0.2384230433471633
0.0237229139602437
-0.9330350823557237 -0.2892155751632349 0.1657784691794713
0.0206559285373930
0.9742813026940201 -0.0511599736542728 -0.1795281938728188
0.0312623521166337
-0.1419651697849537 -0.6811432266279054 0.7012444178322764
0.0256541516167386
-0.0145989864356642 -0.7403428374485151 0.6571911781117159
0.0245906712754053
-0.2641899886496789 -0.7160474621477027 0.6311087395855830
0.0161662098160431
-0.3707507366282624 0.6159447103004793 -0.6859423367948895
0.0191399447188958
0.9522803119085806 0.1588179376954080 -0.2306619296715936
0.0224816604105062
-0.6968021409512082 0.7040344429991258 0.0380342570355486
0.0247402219059097
-0.7991242119682945 0.5543002444412777 0.1871836553302041
0.0259317746923506
-0.7843337357685851 0.6013286158934220 0.0569667182355709
0.0172969650095274
0.3217576117277976 -0.7998818534869067 0.4932082941918881
0.0165233461200117
0.6207788502359406 0.6865789812575790 -0.3611810542753708
0.0157928308022450
0.6158688294145985 0.6312113600078021 -0.4583257596860444
0.0164018415632253
0.6948142177051088 0.6508545951778610 -0.2844728954343798
0.0222911893758817
-0.5646840710176395 -0.6710325823803922 0.4622181553386376
0.0201637267554358
-0.4578051614649091 -0.7095870315545727 0.5209291860279324
0.0153388828320095
-0.4639087822534970 0.5587280663352316 -0.6788031209171705
0.0166404158082380
-0.2996039983116129 0.5697013754034597 -0.7567421866681200
0.0212601784282789
-0.1834268935197805 0.5942994628501448 -0.7725234002298873
0.0198120864070765
0.9562651125720686 0.0406934796385008 -0.2619787446949884
0.0185829905203632
0.3749868632698822 0.5236960617097708 -0.7555074788669069
0.0203829566513538
0.2602565576538642 0.5307810541993149 -0.7967666796546669
0.0205389891419995
-0.6942768701379938 -0.6522490940796181 0.2769897463759625
0.0186226647615374
-0.9920970555142202 0.0217471947872037 0.0299483921937467
0.0212627179787664
-0.6285386890956473 0.6441601378796951 -0.4166340116262057
0.0219560758438761
-0.6162181888478581 0.7130332860190678 -0.3081051236680275
0.0195019703794294
-0.9863611875979071 -0.0986945811134430 0.0481938058731321
0.0189183554104472
-0.5478702515231264 0.5682800773140068 -0.6019199193988822
0.0195896524297719
0.7691412693258006 -0.5985039629712915 0.1873626289031329
0.0203544688183021
0.4798502399933071 -0.8012114828012974 0.3348415320828046
0.0214624152999401
0.3686601128008674 -0.8358195047211210 0.3858501242885585
0.0197393033838459
0.6862081763225517 -0.6750996610999005 0.2408239978940313
0.0227247908442321
-0.6540968339893594 0.7403479034365908 -0.0807222821474091
0.0205945645845970
-0.6042043426289497 -0.7071383674297895 0.3449999176233584
0.0228549383703094
-0.6845629016234771 0.6884165885868779 -0.1995240620336047
0.0154609038149038
-0.9676287307741701 0.1989712968727600 0.1103381574889841
0.0157198544541284
-0.9383333136882485 0.2662924456794707 0.1909444290014235
0.0180249639898451
0.9133368792311413 0.2459147807415645 -0.3024101388076160
0.0174628438745003
0.8941643371075942 0.3502829594318398 -0.2536056578545502
0.0252717082820236
0.9525710722685261 -0.1799046589463650 -0.2016287276399259
0.0258491605259897
0.9467339997992920 -0.2724618309174788 -0.0974869402187303
0.0225640554869700
-0.8573826757082613 0.4409509069078960 0.2298626485993696
0.0182461268311491
0.2170273897385161 -0.8030887827892499 0.5418797471312919
0.0180715395210901
-0.9870603713657176 0.0801071645345612 -0.0731159282295151
0.0222304512496054
0.0160719411021119 0.5266505333907990 -0.8397960923457942
0.0213770947468674
-0.1123842488529439 0.5129853173137695 -0.8412672549488299
0.0190889004095034
-0.7083999907282768 -0.6773238036505271 0.1571322205347770
0.0181727879300865
-0.6319448763971492 0.4839122086630278 -0.5936890594211017
0.0154926911966736
0.5671485341912056 0.4995416190017872 -0.6456243097878080
0.0218431810155244
-0.3771598986545640 -0.7900505807831828 0.4654137869557463
0.0214888540953837
0.8753808092440377 -0.4647530607960428 0.0339925602810622
0.0229811625900116
-0.7737312063334545 0.5901718491492699 -0.1879530138014344
0.0138797407827928
0.8100286206916876 0.5149133461737945 -0.2607336119428450
0.0140182261402834
0.7497511231972883 0.5658494406193272 -0.3268685506863086
0.0141656604772938
0.8422250602969156 0.4292778265143047 -0.3086788465268973
0.0256976388673211
-0.8220992521093102 0.5473640099199352 -0.0682027591652264
0.0213410136860624
0.8090940049028860 -0.5690093641639323 0.0705231721647285
0.0200955041024101
-0.5283958571944823 -0.7887278706503438 0.2884783954428151
0.0184623396605187
-0.9108660985255898 0.3664552791796941 0.1464190985584738
0.0271205740049842
0.8982485660776885 -0.4056516878220607 -0.0867903664744041
0.0203062851136895
0.9178716784205869 0.0122261362812670 -0.3764522714478118
0.0213688054092414
0.6279089508382015 -0.7506443696266526 0.1604368437647408
0.0250983210070545
0.1149633184368878 -0.8553145552918187 0.4856921963179791
0.0210663716774900
0.9149658410458318 -0.2002818029176074 -0.3257415947315361
0.0177467668326930
0.9033171018962786 -0.1056778969713771 -0.3988961025966389
0.0206720009567014
-0.7165566087295011 0.5525345759693161 -0.4066092132210111
0.0216611638156788
-0.7843166060402281 0.5260861556157080 -0.3022894912670269
0.0192373630395176
-0.7104974463052278 0.4758525069175336 -0.5039063231934500
0.0158149560469549
-0.4470719448866186 0.4767670145076948 -0.7486518303221350
0.0191499200197503
-0.9787228146890813 -0.1537206018743112 -0.0606886837795954
0.0164020171244255
-0.3486859623930520 0.4786665397643306 -0.7978367703489928
0.0196745253727931
0.4439818489652895 0.4268099344122166 -0.7781690284196553
0.0162274357532475
0.5436565569581264 0.4203123075876958 -0.7177374706107028
0.0184998960024073
-0.7779412926056429 -0.6109980182561245 0.0851298227808849
0.0193651074301625
-0.8408840510796411 -0.5137681372220252 0.1184374126997819
0.0183131367248356
-0.5226182140829165 0.3916381420900535 -0.7478966763495908
0.0283631421686467
0.8411873643268585 -0.4816898707111612 -0.1959596067231740
0.0224920548523262
-0.2636900745867373 -0.7974076295662106 0.5263839156229242
0.0197837133137321
0.8779650331071120 0.1028602746659209 -0.4509542394795070
0.0219759868494173
0.2848245290845054 -0.8975767873348289 0.3102356863643772
0.0228839325691001
0.7538390830329272 -0.6431274110931731 -0.0198726265496388
0.0214080060394941
0.5279408404414869 -0.8109848697086960 0.2167937283655882
0.0250403820210219
0.1607764272952837 -0.9067479006142392 0.3638372804589151
0.0220272723274559
0.8644283453922395 -0.3028996988633431 -0.3792144572192552
0.0279162870917236
0.8287629834464286 -0.4263692914807702 -0.3314027475976930
0.0267768310509053
-0.0098372432059245 -0.8259671966877434 0.5449434075196288
0.0162458010619298
-0.9605412429087836 0.2539183260884939 0.0154690600772166
0.0189369539899078
-0.9689986325364576 0.1979369769548115 -0.0852471405821922
0.0197008358136943
-0.5471063944212335 -0.8106446989288776 0.1684093814608864
0.0186361210587144
-0.6346380794059766 -0.7562534371924087 0.1046342164860180
0.0176118830353080
-0.6124769653469253 0.3985359941558809 -0.6726481552129131
0.0201852069503520
-0.9328615106033993 -0.3350527298122789 0.0441458530579096
0.0187101099590863
-0.8861123051142638 -0.4466826645187792 0.0289682944615808
0.0187377247523055
-0.9531171290042909 -0.2715530677083028 -0.0581511960149635
0.0238538909793311
-0.4195598067629649 -0.8282561560613002 0.3456467773579155
0.0189426956852348
0.8762898937249610 0.2183298135119788 -0.4121408353190887
0.0166970722564313
0.6535275496244709 0.4656867681572171 -0.5857098563635008
0.0209369748643989
0.2197689609067882 0.4327080784885933 -0.8650621281295086
0.0221860706723299
0.0928603245939688 0.4325742919641566 -0.8872262317396172
0.0222811711514825
0.6695703797812811 -0.7300695003386107 0.0367531546979203
0.0180963614706598
-0.9772209605818426 0.0215983476622540 -0.1749399108875378
0.0192839358024098
0.6737243546845002 0.5363844250617188 -0.4933279597030906
0.0174173249301062
-0.9751681617658553 -0.0950195703476610 -0.1631123476501721
0.0236001474834141
-0.1685285166951256 0.4048382855931824 -0.8885049331585952
0.0186453591480712
-0.4908092626187325 0.2949978065576920 -0.8110031174761618
0.0315788847157750
-0.1408703650770859 -0.8525270152700442 0.4785018761994271
0.0210337838476836
0.8185880514022703 0.0693820531979509 -0.5557916756169580
0.0220807685551943
0.3350545983666541 -0.9136711236918080 0.1894051025225019
0.0224909613661996
0.4484247468460802 -0.8735045823612618 0.1361393579339455
0.0244370279833130
0.7755146109717931 -0.5983404375783484 -0.1472174032137504
0.0238397795893941
0.6955748203244031 -0.6657782460957470 -0.2333464132687578
0.0186865607463199
-0.9242138478335599 0.3608833067173622 0.0304348063367283
0.0166796423758582
-0.9471902648179952 -0.1433599828633687 -0.2634656367650772
0.0192382867674255
-0.9404560983072782 0.2559797663331454 -0.1876285657510162
0.0219672908259085
0.0769947849541955 -0.9499243772358500 0.2723851272974190
0.0179061881066398
-0.9509565581996422 0.0743283464847843 -0.2763180553984793
0.0189304963220117
-0.9302207998000005 0.1909269027443027 -0.2892362345907858
0.0243060910751002
-0.8903682750400294 0.4280042103682434 -0.0720672935534158
0.0220177290036308
0.5927490462357570 -0.7933527332885402 -0.0458119680159411
0.0207095795864077
0.8175629801748702 0.3111494431633099 -0.4677328963473144
0.0178971456266774
0.8488065116343402 -0.1377609064317537 -0.4967196100219118
0.0211678950256410
0.8054270964608518 -0.0554499577854359 -0.5761068549909264
0.0158170342241336
-0.6785488358665148 0.3082444181856389 -0.6574746074975740
0.0189428476736128
-0.3424803917290923 -0.8918528935411647 0.2689135169251687
0.0225321912181996
-0.2976388655538472 0.3891759509435258 -0.8617275936933244
0.0201925491622674
-0.9001637706388185 0.3720996303742177 -0.1889414365704043
0.0224152334393108
0.7569012948817022 0.2785560703236956 -0.5763572293672831
0.0177185625767283
0.6814671327561236 0.3629354941287035 -0.6244117237476446
0.0206212903484009
0.7571497582517123 0.1584992441063405 -0.6210601370850573
0.0168605782272281
0.6116674284966592 0.3321993895748635 -0.7088126499238740
0.0193213848953173
-0.5689508206935795 0.2056724948509226 -0.7868181597141408
0.0157265450567509
-0.6576150489272149 0.2162170577569029 -0.7131974813691132
0.0221953545946246
-0.1371776451697534 -0.9156836622600861 0.3531120759320971
0.0152737212036616
-0.7686356947664439 -0.6298233983012147 -0.0263448619453571
0.0221878750725998
0.4941789724039660 -0.8593397554853274 0.0112160682906372
0.0224441911480809
0.6173434166240064 -0.7563161428204077 -0.1718313015701419
0.0254120339146974
0.6854924251910118 -0.6161579355054221 -0.3617437415961685
0.0252433550169530
0.7443589705722218 -0.5023225235318711 -0.4173250671802664
0.0161944067498022
-0.3682240458891531 -0.9089877146051263 0.1596651796665273
0.0207166305027460
0.4125054835210553 0.3240457062901148 -0.8419445384919636
0.0213108051088090
0.2937232552356667 0.3318279173461355 -0.8872362191678232
0.0162889835620221
-0.9246544899927779 -0.2534662136019517 -0.2611717158189279
0.0170301940730162
-0.9282467022113506 -0.3130485879676840 -0.1650496405173052
0.0182585467527221
-0.6331262353636840 -0.7647844144386489 -0.0140516457271186
0.0150100849522497
-0.7025886731861644 -0.6994659590663148 -0.0737767500088372
0.0191717602285688
0.8268985204829837 -0.2538501416517184 -0.4866199407302007
0.0143719504659345
-0.9232723342148702 -0.0931590146613927 -0.3574881192769183
0.0157791302479043
-0.9228900039958698 0.0135544525965202 -0.3686251251506755
0.0213010367652261
0.0451061867412563 0.3232411011392234 -0.9365142728583951
0.0209653895689229
0.1186382246731752 -0.9723148362550593 0.1555621680183917
0.0261174623917691
0.2401161720258021 -0.9549187609926878 0.1018113095652606
0.0247147788138596
-0.0864356477560225 0.3085730483865088 -0.9371205443944651
0.0211479946985404
-0.8502433797808098 0.4163745044792066 -0.2956784668221649
0.0161736367154461
0.8066572989481052 0.4125133072845584 -0.4081198936208986
0.0198080017461187
-0.4628312016517666 -0.8718060625402999 0.1023722754014006
0.0158377065504630
0.7487597824331221 0.5052863684189998 -0.4139874016889008
0.0173456437414555
-0.0436392282782344 -0.9498125600238593 0.2870211776378250
0.0191426897161846
-0.7751926178142901 0.3735190078884497 -0.4947947170578699
0.0196881098734980
-0.8420135218079657 0.3436503918786372 -0.3971903404146391
0.0157241638993842
-0.7523266443264521 0.2967197063599240 -0.5777433572853351
0.0164156361919257
-0.2333626445299581 -0.9231439362168555 0.2837918969883984
0.0237966842431069
0.7489935330276577 -0.3138196236633904 -0.5676227230577411
0.0168365822485185
-0.1941418932456663 -0.9563951756365877 0.1856098348330620
0.0216220599926236
0.4077225457984619 -0.9007518229859934 -0.0750013517400216
0.0234711174534358
0.5958738212588072 0.2212086872202285 -0.7601845701511669
0.0190560384486878
-0.4617203577456656 -0.8784912220170491 -0.0197511043786736
0.0188231301775643
-0.5506096119799027 -0.8222888836105545 -0.0785389864855207
0.0192318137153839
-0.2755345226470175 -0.9477398521348112 0.1040199107454413
0.0209714616462965
0.1208194810090749 0.2234917470215615 -0.9588031315407798
0.0218163790943270
0.2466814589011612 0.2216587189876927 -0.9344599804949938
0.0180836552598367
-0.8830419392771106 0.2307662180099503 -0.3912062891671424
0.0237946810193187
0.6747525529921793 0.1224761671669063 -0.7150750584671661
0.0195540629058656
-0.1275993896196437 0.1900045017414185 -0.9655090004764054
0.0249647089416545
0.2898387730886248 -0.9464329558111857 -0.0297107418258344
0.0188368421903101
0.5277088210229145 -0.8046392830410466 -0.2434235435032633
0.0172349470251557
-0.0827113487423603 -0.9727917531367680 0.1827942151222185
0.0176693056923129
-0.8666213762904036 -0.4779354855734653 -0.0833129584661872
0.0146408512697346
-0.8081000001049433 -0.5697363096998425 -0.1048311064842622
0.0163511763293202
-0.8843567947289440 -0.4164210871676632 -0.1785479638831063
0.0204972242437647
0.7290283639607680 -0.1026501435219046 -0.6649468054157921
0.0248503569305916
0.6635116375582973 -0.0117185569449570 -0.7350969993288412
0.0222793799578650
-0.3806245813714829 0.2881266307577703 -0.8687852962751266
0.0195490125016857
-0.5398689388315506 0.0944243528542635 -0.8273749977901207
0.0218316316670940
0.7047056444742096 -0.2272746856694048 -0.6594080369366003
0.0232163861876226
-0.3485929647161652 0.1687669038485146 -0.9121375113928617
0.0192098243688938
-0.4352266028432028 0.0790129767099986 -0.8885631572113432
0.0190925163498657
-0.2341219961965860 0.1369529630793808 -0.9547181394342721
0.0158493034822583
-0.7670362253028860 -0.5998605648228159 -0.1984882371095209
0.0181092976951480
0.4417420515858635 -0.8686284177341508 -0.1907279402046440
0.0237204088383905
0.4853627617660147 0.2168659761730532 -0.8360554870810467
0.0195333637866099
-0.3656974398643492 -0.9189312991509363 -0.0823542935213479
0.0228605873218571
-0.2605977100018337 -0.9560374901857178 -0.0207968175060639
0.0177888294422791
-0.7251802915991616 0.1411164158850452 -0.6634246215654305
0.0251586443448565
0.5807495382409182 -0.6772529210644845 -0.4297224700973828
0.0199149491189124
0.5169248342716549 -0.7672733529387336 -0.3587104707415500
0.0246638138901707
0.7078609330865094 -0.4399419551833193 -0.5351387463846941
0.0160989188413503
-0.6988336387723789 -0.6830293128247105 -0.1803860479419768
0.0134087419970563
-0.8839403717510111 -0.2884975313706420 -0.3536300577313730
0.0240669617933402
0.0044678731257522 -0.9856442462504280 0.0969390363371675
0.0175259555310887
-0.8756150181002889 0.0391134750655911 -0.4667953321729976
0.0178081451683861
-0.7847959041379391 0.1893154461268259 -0.5781937300350063
0.0172794538130850
-0.0492459081611401 0.1056000575709780 -0.9864112093437415
0.0205096537674932
0.0705964847610804 0.1101457008535911 -0.9834053445358130
0.0199431796695564
0.2106231831948371 -0.9606343521231219 -0.1300835375563007
0.0164969592346910
-0.8769568806518129 -0.1322755725205992 -0.4477151591455756
0.0157572932787537
-0.8574607204588189 -0.2389465888277757 -0.4417665982852067
0.0276425393090542
-0.0150178544112552 -0.9882550009965461 -0.0402218831119402
0.0207470620469893
0.0885597668652544 -0.9797493151176633 -0.1270051255841294
0.0235395413708886
-0.1464826837494233 -0.9761866463459624 -0.0863837666340585
0.0211594911752726
-0.8523641627822924 0.1558839490244351 -0.4824296035367364
0.0221443657327451
0.6088332707089651 -0.2764508320675643 -0.7319702739333234
0.0198661065319711
0.3635657933162276 -0.8792041826131661 -0.2816541215749704
0.0203337407547502
0.2560176049316163 -0.9281754877457410 -0.2388731446671114
0.0217429505912469
-0.7051858407534913 0.0257379908290894 -0.6965525741716336
0.0191981267512286
-0.6138084073693135 0.0083582607409725 -0.7799573133359773
0.0206233443538326
0.3121336220555542 0.1122466188894253 -0.9349306815013275
0.0199831301865138
0.5724247836577021 -0.0674008318696989 -0.8074217584893544
0.0178175113007808
0.5584115101357194 -0.1852023932255872 -0.8000492579647945
0.0188828132621080
-0.8407718061576239 -0.0554145658133968 -0.5246591763894077
0.0156228133413308
-0.8434752771310742 -0.4473570932672326 -0.2763621476002521
0.0182625801712781
-0.7792451211825634 -0.5404654807566208 -0.2941941327909944
0.0141270602186173
-0.8440291853412922 -0.3823832528402058 -0.3611896856978837
0.0177518740344616
-0.5416840336137837 -0.8090385019396871 -0.1958789442551679
0.0298032646006269
0.5986370787629062 -0.4957996595479832 -0.6105925200822390
0.0271397415612367
0.5552377265131411 -0.4004032021548078 -0.7143154183329326
0.0295410593582360
0.5347713476614068 -0.6196746137433026 -0.5542619799374190
0.0196148128986707
-0.6195283275117587 -0.7346429619214512 -0.2476859194045611
0.0209737973080356
0.4066392190982133 -0.8204625048157945 -0.3806795954635724
0.0168928516462029
-0.2129106860483365 0.0239463778648946 -0.9700491924128186
0.0190564434103540
-0.5707941237067230 -0.1020144719840596 -0.8056301498295056
0.0203090642408988
-0.3574086339245519 -0.9026411153456734 -0.2046056901843015
0.0164004732752801
-0.5991542239520548 -0.7066212271544610 -0.3590143054444333
0.0178861691423568
-0.7228021391369726 -0.5539894066501910 -0.3960045515352155
0.0157393982421458
-0.6431504248231216 -0.6290104230261063 -0.4223648416647591
0.0176565306553845
0.0663727451079996 -0.9604723743439177 -0.2436319425635425
0.0198525650135571
0.4806437684974795 -0.0159861293841102 -0.8678815228733647
0.0184946800736250
-0.4499639936690644 -0.8459513138266085 -0.2600811014531910
0.0196915047667271
0.1580124204330042 -0.9287827592949909 -0.3115002292178148
0.0240033166296660
-0.7648713807362194 -0.0695707783287346 -0.6258201628400897
0.0199771293904254
0.1307510749373417 0.0009032854377915 -0.9836118437832565
0.0209659998700608
0.2534922309762820 0.0030886049835879 -0.9589487396955279
0.0195837969888811
-0.3988213969106347 -0.0357804090022032 -0.9080650919432161
0.0180570025956045
-0.4705247115307947 -0.1225214969054665 -0.8658281017684319
0.0191861768131816
-0.2870666158111022 -0.0641489333775805 -0.9479960885139586
0.0244097859843133
0.4326955066033353 0.1026437906338071 -0.8850685209432557
0.0138087191342149
-0.7955197081818325 -0.3905629543906817 -0.4515104489083541
0.0160373364404518
-0.7329360554138170 -0.4730993359914836 -0.4760472728168146
0.0158118513858789
-0.7993407252264577 -0.3016959647159940 -0.5076135268776411
0.0168287775029241
-0.1027594000444409 0.0052030987235156 -0.9881345112194735
0.0151994834495264
-0.5139990787022058 -0.7419893268389927 -0.4163980117183049
0.0176855166362795
0.4592532589106831 -0.2100197723284365 -0.8551653311489119
0.0173808514742399
0.4159005297590738 -0.1107461654275530 -0.8951230794462316
0.0188137243791933
-0.4345421230325507 -0.8106707860221191 -0.3734894326834246
0.0182434109878340
0.1585349161128930 -0.8835726180355510 -0.4241735847812518
0.0201072828479382
-0.0529672497872110 -0.1025432462092626 -0.9854903429553604
0.0212544336050920
-0.1479876597731012 -0.9566267361094064 -0.2158667385618295
0.0202940605817275
-0.0446162031440842 -0.9484061846542624 -0.2879107632306936
0.0201786741195048
-0.2541872120949613 -0.9195440884639366 -0.2725335074210428
0.0268135497405629
0.3529320561407753 -0.7783389291782132 -0.4988384754594999
0.0202700452449327
0.2274111101194013 -0.8250344185760855 -0.5013524971968297
0.0201301868462513
-0.7151204129461796 -0.1836461654981778 -0.6627922091640409
0.0187709261725162
-0.7361698628676422 -0.2863417218847355 -0.6012872408846126
0.0182713060258617
-0.6274461572877144 -0.1900346885230596 -0.7457333448689112
0.0277978660900223
0.4059528095452609 -0.6819679112447871 -0.5903557467413639
0.0202850179245383
0.3041621058142506 -0.1106893745364322 -0.9378681348542675
0.0201795092767639
0.0711679365078162 -0.1080013634775479 -0.9837280907821673
0.0146531778861415
-0.5838063528184726 -0.6222082590777546 -0.5105127942629493
0.0157987961737866
0.0507935334686639 -0.8787525750604810 -0.4615610052201227
0.0181815338188616
-0.0427046232263989 -0.9067829757196488 -0.4023680919793882
0.0197700831570380
-0.1225973954650923 -0.2023959870774126 -0.9637353493819589
0.0195649592727896
-0.2416652416635772 -0.1773921998535110 -0.9460702893443752
0.0186918409021650
0.4064052142027414 -0.3154783802256757 -0.8490597364912996
0.0182984700051421
-0.3376247867341206 -0.8215950102408300 -0.4436939777037941
0.0195211224137633
-0.2467821625466360 -0.8791638464487985 -0.3887625164925666
0.0232668448502031
0.4385942693967321 -0.4179057179181325 -0.7840179298034352
0.0146431523996434
-0.5719578780400271 -0.2862806277765115 -0.7612654778678273
0.0149911387712628
-0.5023434064819750 -0.6902918745080581 -0.5094727323289451
0.0183167953770227
-0.4224218034333473 -0.2310949470279461 -0.8683596471498405
0.0146577738129725
-0.4831059593079798 -0.3067792979188289 -0.8130400463325212
0.0188500966525204
-0.3133413756855078 -0.2655195952270078 -0.9037519684660716
0.0162492829940302
-0.6704485994368086 -0.3771821222110582 -0.6290589063849056
0.0154735742350917
-0.6699802886895063 -0.4677633008904946 -0.5660491095769560
0.0142215932812343
-0.5945097359859016 -0.3714696936808070 -0.7053599750342336
0.0338696157123408
0.3127621488151013 -0.6248947910915800 -0.6967650845232053
0.0271239444294076
0.3337931237846357 -0.5034848971735819 -0.7832699352667011
0.0212555590787248
-0.3206151553779270 -0.7614824813135783 -0.5484484329251195
0.0164150218278035
-0.5914079050177824 -0.5434692976219316 -0.5849876119377062
0.0186688615466812
0.1621269234622812 -0.7795319407796710 -0.5929519790782910
0.0217588016217107
-0.0735416477682378 -0.3153942599789281 -0.9371990088912813
0.0214290291494542
0.1207956470477483 -0.2220252394046982 -0.9589569281657564
0.0186746973235398
-0.1440868261411623 -0.8715276824183225 -0.4530775850138635
0.0187247061366663
0.2946344393439521 -0.3237719455496326 -0.8910325557746056
0.0203654062720183
0.2450421459313170 -0.2207428616264958 -0.9356800643528291
0.0209340894962538
-0.4140907594473903 -0.6851596641671970 -0.5855141450162328
0.0218353095891390
0.0547748504765198 -0.3298990617968675 -0.9334560852818535
0.0170956173892945
-0.5108520917958193 -0.5330756689256070 -0.6645928149288490
0.0143965779974202
-0.5200848122673914 -0.4415148372980681 -0.7234321091284072
0.0262237298271104
0.1779311050297305 -0.6907436289319797 -0.6861788054306751
0.0168937793044186
0.0592808399016095 -0.8203907650315405 -0.5570196357876203
0.0222781912813159
-0.1501577889901443 -0.4093391328423854 -0.8903604757427314
0.0196725904772793
-0.2716964053390703 -0.3762230431054342 -0.8771864758609519
0.0197667086934428
-0.4123271205735181 -0.5987811971413880 -0.6754103151473114
0.0158596236726027
-0.1329568529147044 -0.8152926794737166 -0.5526256463729721
0.0186101233792981
-0.2126838676893580 -0.7549483648749750 -0.6084759654088702
0.0229776553242772
0.2445567149463190 -0.4336981473769169 -0.8567703570784037
0.0149687977713660
-0.4482839779204577 -0.4037007376280057 -0.7902101994167834
0.0270127182866805
0.1097982143293256 -0.4415519617375966 -0.8786441603447085
0.0169357399697403
-0.0375529304123834 -0.7874540220649432 -0.6044029989600886
0.0191743128419770
-0.3468065397159507 -0.4492070294851243 -0.8143553440060103
0.0251334166977237
0.0569697928019049 -0.6521384056896922 -0.7429549342390763
0.0270160225486062
0.0246733917349642 -0.5437967388973330 -0.8262950326725514
0.0177863801620088
-0.0421791643800353 -0.7120749814601145 -0.6909513645229729
0.0218510143582915
-0.3237675120706731 -0.5566002061976721 -0.7539260175752173
0.0218640153567685
-0.1090457819407668 -0.5205678341745781 -0.8368220771802930
0.0195619174238369
-0.1591151677062277 -0.6918012672526365 -0.6932270221506716
0.0246594112951655
-0.1962616510618858 -0.5935542348455449 -0.7681591946939541
12.4476922928865505